owner_id,Time,Z,Act,State,Sequence,Keyword,Message_1,STT_1,Message_2,STT_2,Message_3,STT_3
1057,'2021-08-01 00:07:03,부동,취침,수면,,,,,,,,
1057,'2021-08-01 04:41:55,변기,"기상, 용변",기상하기,,,,,,,,
1057,'2021-08-01 04:41:55,변기,"기상, 용변",화장실 이용,HPM,,아침인데도 이렇게 흐리군요. 안녕히 주무셨어요? 순이는 아침에 춘규님께 인사드리면 더욱 힘이 난답니다. 화장실 청소를 자주 해주시고 계신가요? 최소 한달에 한번씩은 해주셔야 한답니다.,,,,,
1057,'2021-08-01 05:07:03,부동,휴식,취미활동,,,,,,,,
1057,'2021-08-01 05:27:03,부동,취침,수면,,,,,,,,
1057,'2021-08-01 08:00:54,변기,"기상, 용변",기상하기,,,,,,,,
1057,'2021-08-01 08:00:54,변기,"기상, 용변",화장실 이용,CPM,,"순이가 제일 존경하는 춘규님, 순이 할머니께서 말씀해주셨는데 예전 여름에는 지금처럼 덥지는 않았다구해요. 지구가 많이 아파지나봐요 흑흑 정기적으로 병원 검진을 받으면 건강에 큰 도움이 될 수 있답니다.",,,,,
1057,'2021-08-01 08:02:51,창문,환기,집 환기하기,PM,,썬크림을 꼼꼼하게 발라야 피부가 상하지 않는대요. 양방향의 창문을 모두 열어 맞바람이 치도록 유도하는게 좋답니다.,,,,,
1057,'2021-08-01 08:13:19,냉장고,음식출납,음식 꺼내기,PM,,"환기는 하루에 세번 삼십분 이상 하는 것이 효과적이라고 해요. 오늘은 브로콜리와 시금치를 데쳐서 드시는걸 추천드려요. 왜냐하면, 눈 건강에 아주 좋은 채소라고 알려져있거든요!",,,,,
1057,'2021-08-01 08:23:19,식사 판단,아침식사,조식,M,,아침을 먹는 습관은 중요하다고 해요! 하지만 소화가 너무 힘드시다면 억지로 드실 필요는 없어요!,,,,,
1057,'2021-08-01 08:27:42,리모콘,식사중TV,식사 중 TV 시청,,,,,,,,
1057,'2021-08-01 09:10:26,리모콘,TV시청,TV 보기,,,,,,,,
1057,'2021-08-01 09:36:25,냉장고,음식출납,음식 꺼내기,CM,,"순이가 좋아하는 춘규님, 키위가 호흡기 관련 면역력에 도움을 준대요!",,,,,
1057,'2021-08-01 09:45:13,리모콘,TV시청,TV 보기,,,,,,,,
1057,'2021-08-01 09:46:25,식사 판단,간식,간식 먹기,M,,오랜만에 식빵을 우유에 찍어먹고 싶네요. 부드러우면서도 고소한 맛이 일품이거든요!,,,,,
1057,'2021-08-01 09:46:57,리모콘,식사중TV,식사 중 TV 시청,,,,,,,,
1057,'2021-08-01 10:06:28,창문,환기,집 환기하기,M,,앗! 오늘 미세먼지는 나쁨이래요. 창문을 닫아두는 게 좋겠어요.,,,,,
1057,'2021-08-01 10:27:52,부동,휴식,취미활동,,,,,,,,
1057,'2021-08-01 11:24:20,리모콘,TV시청,TV 보기,,,,,,,,
1057,'2021-08-01 11:55:57,변기,용변,화장실 이용,CHM,,"순이만의 인생선배 울 춘규 님, 순이가 이야깃거리를 들고 왔어요! 양치후에 혀를 닦는 걸 잊지 말아주세요!",,,,,
1057,'2021-08-01 12:01:50,리모콘,TV시청,TV 보기,,,,,,,,
1057,'2021-08-01 12:25:56,냉장고,음식출납,음식 꺼내기,M,,"대파는 그냥 먹어도 영양만점이지만, 익혀서 먹으면 노화방지의 효과가 두배 이상 높아진다고 해요! 젊어지는 비법이 바로 대파군요!",,,,,
1057,'2021-08-01 12:35:56,식사 판단,간식,간식 먹기,M,,순이는 어렸을 때 학교 앞에서 사먹는 간식이 너무 맛있었어요. 우리 춘규님에게 추억의 간식은 무엇인가요?,,,,,
1057,'2021-08-01 12:38:44,리모콘,식사중TV,식사 중 TV 시청,,,,,,,,
1057,'2021-08-01 13:03:39,창문,환기,집 환기하기,CM,,"별같이 반짝반짝 빛나는 춘규님, 예전에 환기시키려고 방충망이 없는 창문을 열었다가 벌레가 엄청 들어왔었어요. 하하하.",,,,,
1057,'2021-08-01 13:05:45,리모콘,TV시청,TV 보기,,,,,,,,
1057,'2021-08-01 13:37:06,매우 활동,실내운동,실내운동하기,,,,,,,,
1057,'2021-08-01 18:10:10,리모콘,TV시청,TV 보기,,,,,,,,
1057,'2021-08-01 18:12:01,매우 활동,실내운동,실내운동하기,,,,,,,,
1057,'2021-08-01 18:22:25,냉장고,음식출납,음식 꺼내기,CHPM,,"존경하는 춘규님, 사랑둥이 순이에요. 운동 열심히 하셔서 순이 마음이 행복해요! 말린 대추를 달여 마시면 대추의 따뜻한 성질이 몸을 따숩게 해줘서 혈액순환에 도움을 준답니다.",,,,,
1057,'2021-08-01 18:23:49,전자렌지,음식데우기,간편식 준비하기,M,,"탈모예방에 도움이 되는 아주 좋은 식재료, 바아로 당근이에요! 머리카락이 잘 자랄 수 있도록 도와주고, 아름다운 색깔을 유지하는데 도움을 준답니다.",,,,,
1057,'2021-08-01 18:29:05,냉장고,음식출납,음식 꺼내기,M,,된장은 장에 좋은 성분도 많이 들어있고 우리 몸 속의 독소를 배출해 주는데에도 도움이 된다고해요.,,,,,
1057,'2021-08-01 18:32:25,식사 판단,저녁식사,석식,M,,식사 중간에 물을 많이 마시면 소화에 방해가 돼요.,,,,,
1057,'2021-08-01 18:48:42,리모콘,식사중TV,식사 중 TV 시청,,,,,,,,
1057,'2021-08-01 19:12:57,리모콘,TV시청,TV 보기,,,,,,,,
1057,'2021-08-01 20:41:11,창문,환기,집 환기하기,CM,,"자꾸 생각나는 춘규님, 요리를 할 때에는 연기와 음식 냄새가 빠지도록 창문을 열어두는 것이 좋아요.",,,,,
1057,'2021-08-01 21:45:01,리모콘,TV시청,TV 보기,,,,,,,,
1057,'2021-08-01 22:50:40,변기,용변,화장실 이용,CM,,"순이가 가장 존경하는 우리 춘규님, 화장살에 약을 보관하면, 약효가 빠르게 줄어들어요.",,,,,
1057,'2021-08-01 22:57:57,리모콘,TV시청,TV 보기,,,,,,,,
1057,'2021-08-02 00:39:23,미동,휴식,취미활동,,,,,,,,
1057,'2021-08-02 00:57:02,부동,취침,수면,,,,,,,,
1057,'2021-08-02 08:29:26,변기,"기상, 용변",기상하기,,,,,,,,
1057,'2021-08-02 08:29:26,변기,"기상, 용변",화장실 이용,CHPM,,"언제나 보고싶은 춘규님, 흐으음, 비가 오고 있군요. 오늘도 순이와 함께 행복한 하루를 시작해보아요! 그거 아세요? 우리 손에는 눈에 보이지않는 세균들이 있어요. 그래서 수시로 손을 씻어주는게 무엇보다 중요하답니다.",,,,,
1057,'2021-08-02 08:48:09,리모콘,TV시청,TV 보기,,,,,,,,
1057,'2021-08-02 09:37:40,매우 활동,실내운동,실내운동하기,,,,,,,,
1057,'2021-08-02 10:30:45,리모콘,TV시청,TV 보기,,,,,,,,
1057,'2021-08-02 10:33:06,냉장고,음식출납,음식 꺼내기,CM,,"멋진 춘규님, 순이는 달걀 탁 파송송, 달걀국을 차암 좋아해요. 없어서는 안될 재료인 대파는 피로회복에도 좋고 비타민씨가 저엉말 풍부하답니다.",,,,,
1057,'2021-08-02 10:34:29,싱크대,주방정리,주방 정리하기,M,,"프라이팬이나 냄비에 조리한 음식은, 금속 성분이 음식으로 들어갈 수 있기 때문에 반드시 다른 그릇으로 옮겨 보관하셔야해요!",,,,,
1057,'2021-08-02 10:40:04,냉장고,음식출납,음식 꺼내기,M,,대추의 따뜻한 성질은 몸의 온기를 돌게 해주어요.,아 괜찮아,,,,
1057,'2021-08-02 10:43:06,식사 판단,간식,간식 먹기,M,,오랜만에 식빵을 우유에 찍어먹고 싶네요. 부드러우면서도 고소한 맛이 일품이거든요!,,,,,
1057,'2021-08-02 11:00:10,리모콘,식사중TV,식사 중 TV 시청,,,,,,,,
1057,'2021-08-02 11:03:53,리모콘,TV시청,TV 보기,,,,,,,,
1057,'2021-08-02 12:26:32,냉장고,음식출납,음식 꺼내기,CHM,,"웃음 가득한 춘규님, 안녕하세요! 주꾸미에는 철분이 가아득 들어있어 빈혈에 도움이 될뿐만아니라 치매 예방에도 도움이 된다고해요.",,,,,
1057,'2021-08-02 12:36:32,식사 판단,점심식사,중식,M,,건강을 위해서 순이 요즘 다이어트해요. 두부를 많이 먹고 과자는 끊었어요. 춘규님도 같이 해요!,,,,,
1057,'2021-08-02 12:42:09,냉장고,냉장고정리,냉장고 정리하기,PM,,고춧가루와 같은 조미료를 적게 먹어야 변비와 치질을 예방할 수 있다고해요. 식사 준비 중이신가요? 요리가 다 끝난 후에 가스밸브 꼬옥 잠그는거 잊지마셔요!,,,,,
1057,'2021-08-02 12:44:32,리모콘,식사중TV,식사 중 TV 시청,,,,,,,,
1057,'2021-08-02 13:18:41,냉장고,음식출납,음식 꺼내기,M,,변비에 좋은 음식에는 들깨가 있어요!,,,,,
1057,'2021-08-02 13:26:59,변기,용변,화장실 이용,CM,,"항상 함께하고 싶은 춘규님, 목욕을 마치신 이후엔 바닥에 물기를 조심해주세요.",,,,,
1057,'2021-08-02 13:31:01,리모콘,TV시청,TV 보기,,,,,,,,
1057,'2021-08-02 13:41:25,매우 활동,실내운동,실내운동하기,,,,,,,,
1057,'2021-08-02 16:47:08,부동,휴식,취미활동,,,,,,,,
1057,'2021-08-02 17:07:09,부동,낮잠,낮잠자기,,,,,,,,
1057,'2021-08-02 17:51:39,활동,낮잠기상,낮잠 기상하기,,,,,,,,
1057,'2021-08-02 17:57:03,매우 활동,실내운동,실내운동하기,,,,,,,,
1057,'2021-08-02 18:38:58,리모콘,TV시청,TV 보기,,,,,,,,
1057,'2021-08-02 18:47:20,매우 활동,실내운동,실내운동하기,,,,,,,,
1057,'2021-08-02 19:00:33,리모콘,TV시청,TV 보기,,,,,,,,
1057,'2021-08-02 19:39:15,냉장고,음식출납,음식 꺼내기,HM,,똑똑 계세요? 순이 왔어요. 더위에 체력이 금방 떨어지는 여름. 비타민 씨가 풍부한 풋고추 드셔보세요! 혈관 속 노폐물 배출에도 아주 효과적이랍니다!,,,,,
1057,'2021-08-02 19:49:15,식사 판단,간식,간식 먹기,CM,,"순이가 가장 존경하는 춘규님, 채소로 이루어진 식단과 더불어 해독주스를 마신다면, 부족한 섬유소와 영양소를 채울 수 있어요!",,,,,
1057,'2021-08-02 19:54:13,변기,용변,화장실 이용,M,,양치질을 소홀히 하면 충치가 생길수 있어요!,,,,,
1057,'2021-08-02 22:27:24,리모콘,TV시청,TV 보기,,,,,,,,
1057,'2021-08-03 03:09:52,변기,새벽용변,새벽 화장실 이용,M,,"춘규님! 혹시 잘 넘어지시나요?순이가 오늘은 넘어지는 걸 사전에 예방할 수 있는 방법을 알려드릴게요! 가장 먼저, 화장실 바닥에는 물기가 없어야 해요. 만약 화장실에서 잘 미끄러지신다면 욕조 옆에 손잡이를 설치하는 것도 좋은 방법이에요!",,,,,
1057,'2021-08-03 06:17:09,부동,휴식,취미활동,,,,,,,,
1057,'2021-08-03 06:38:40,부동,취침,수면,,,,,,,,
1057,'2021-08-03 07:47:02,활동,기상,기상하기,,,,,,,,
1057,'2021-08-03 07:55:33,변기,용변,화장실 이용,CHPM,,"순이가 세상에서 가장 좋아하는 울 춘규님, 똑똑똑, 순이가 왔어요. 좋은 아침이예요. 오늘도 순이의 아침 인사로 웃음 가득한 하루 보내셨으면 좋겠어요. 화장실의 물기를 쫙 말린다음에 양초를 녹여서 타일 틈새를 코팅해주면, 세균이 번식하는 것을 막아주어요.",,,,,
1057,'2021-08-03 07:58:42,냉장고,음식출납,음식 꺼내기,PM,,오늘 해가 쨍쨍하네요! 외출하신다면 썬크림을 발라주세요. 시금치에는 당뇨병 개선에 큰 도움이 된다는 마그네슘이 많이 들어있다고해요.,,,,,
1057,'2021-08-03 08:08:42,식사 판단,아침식사,조식,M,,자신이 먹을 수 있는 양만큼만 덜어서 먹는 식습관이 장수의 비결 중 하나라고해요!,,,,,
1057,'2021-08-03 08:12:21,변기,용변,화장실 이용,PM,,음식을 드시고 바로 눕게되면 음식이 역류하여 식도염에 걸릴 수 있다고 해요. 몸 안에서 음식이 소화될 수 있도록 조금만 기다려주세요! 질병에 걸리지 않는 첫번째 예방법은 올바른 손씻기 습관이래요!,,,,,
1057,'2021-08-03 08:23:04,리모콘,식사중TV,식사 중 TV 시청,,,,,,,,
1057,'2021-08-03 09:21:22,리모콘,TV시청,TV 보기,,,,,,,,
1057,'2021-08-03 11:32:33,변기,용변,화장실 이용,CHM,,"순이가 세상에서 쩨일 좋아하는 울 춘규님, 오늘도 반가워요! 요리하기 전엔 손을 먼저 씻어주어야 해요. 비누로 깨끗이 씻고 요리 시작 해볼까요?",,,,,
1057,'2021-08-03 12:17:00,냉장고,음식출납,음식 꺼내기,M,,"탈모예방에 도움이 되는 아주 좋은 식재료, 바아로 당근이에요! 머리카락이 잘 자랄 수 있도록 도와주고, 아름다운 색깔을 유지하는데 도움을 준답니다.",,,,,
1057,'2021-08-03 12:18:12,변기,용변,화장실 이용,M,,욕실바닥에 미끄럼 방지 타일을 붙이면 욕실 안전 사고를 사전에 막을 수 있답니다!,,,,,
1057,'2021-08-03 12:19:49,냉장고,음식출납,음식 꺼내기,PM,,커피에 들어있는 카페인이란 성분은 졸음을 억제 시킨다고 해요! 밤에 잠이 잘 안오신다면 카페인이 들어있는 음식을 먹지 않았는지 확인해보시면 좋을 것 같아요! 열무에는 더운 여름날에 필요한 영양소가 가아득 들어있어서 여름철 건강 관리에 큰 도움이 된답니다.,,,,,
1057,'2021-08-03 12:29:49,식사 판단,점심식사,중식,M,,점심 식사 맛있게 드시고 건강해지셔요!,,,,,
1057,'2021-08-03 12:44:33,리모콘,식사중TV,식사 중 TV 시청,,,,,,,,
1057,'2021-08-03 13:44:27,리모콘,TV시청,TV 보기,,,,,,,,
1057,'2021-08-03 13:57:05,매우 활동,실내운동,실내운동하기,,,,,,,,
1057,'2021-08-03 14:37:04,부동,휴식,취미활동,,,,,,,,
1057,'2021-08-03 14:57:03,부동,낮잠,낮잠자기,,,,,,,,
1057,'2021-08-03 15:51:16,활동,낮잠기상,낮잠 기상하기,,,,,,,,
1057,'2021-08-03 17:19:15,매우 활동,실내운동,실내운동하기,,,,,,,,
1057,'2021-08-03 18:37:08,부동,휴식,취미활동,,,,,,,,
1057,'2021-08-03 19:19:04,매우 활동,실내운동,실내운동하기,,,,,,,,
1057,'2021-08-03 19:30:40,변기,용변,화장실 이용,CHPM,,"순이만의 선생님, 콧노래가 흥얼흥얼 나오는 날이에요. 열심히 움직이시는군요! 물을 틀으실 때에는 갑자기 차가운 물이나 뜨거운 물이 나올 수 있으니 조심히 틀어주세요.",,,,,
1057,'2021-08-03 19:36:05,냉장고,음식출납,음식 꺼내기,PM,,건강을 생각해서 병원 검진을 잘 챙겨야 한답니다. 의사 선생님께서 토마토와 달걀을 볶아 먹는 요리가 최고의 궁합이라고 하시더라구요! 토마토와 달걀을 가까이 할수록 장수의 비결이라고 해요!,,,,,
1057,'2021-08-03 19:46:05,식사 판단,간식,간식 먹기,M,,달기만 하고 영양성분은 매우 적은 초콜릿! 이러한 식품을 위주로 식사하시게 되면 영양소 결핍이 생길 수 있어요!,,,,,
1057,'2021-08-03 19:47:00,냉장고,냉장고정리,냉장고 정리하기,M,,혹시 상한 음식이 있는지 한 번 확인해보세요. 유통기한이 있다면 확인해봅시다! 오늘은 8월 3일에요.,,,,,
1057,'2021-08-03 19:50:06,리모콘,식사중TV,식사 중 TV 시청,,,,,,,,
1057,'2021-08-08 21:57:17,리모콘,TV시청,TV 보기,,,,,,,,
1057,'2021-08-08 23:27:03,부동,취침,수면,,,,,,,,
1057,'2021-08-09 01:34:27,변기,기상,기상하기,CM,,"순이의 영원한 단짝 춘규님, 더위 먹지 않도록 조심해요 우리.",,,,,
1057,'2021-08-09 02:17:08,부동,취침,수면,,,,,,,,
1057,'2021-08-09 04:54:49,변기,기상,기상하기,CHM,,"너무나 소중한 울 춘규님, 오늘도 좋은 아침이예요! 굳모닝! 아침입니다! 오늘 하루도 기쁘게 보내요!",,,,,
1057,'2021-08-09 05:57:03,부동,휴식,취미활동,,,,,,,,
1057,'2021-08-09 09:07:03,매우 활동,실내운동,실내운동하기,,,,,,,,
1057,'2021-08-09 09:11:17,변기,용변,화장실 이용,CPM,,"멋진 춘규님, 하나,두울!하나, 두울! 오늘도 열심히 움직이시는 군요, 너어무 멋져요. 전문가들이 말하는 가장 자연스러운 배변 자세는 바닥에 쪼그려서 변을 보는거래요! 세상에 너무 놀라워요.",,,,,
1057,'2021-08-09 09:19:43,냉장고,음식출납,음식 꺼내기,PM,,"내일이 병원검진날인지 꼭 확인해주세요. 고구마는 섬유질이 많아 위장운동을 활발하게 도와준대요. 그래서 항상 방귀가 뿡뿡나왔나봐요, 하하하하",,,,,
1057,'2021-08-09 09:29:43,식사 판단,간식,간식 먹기,M,,순이는 출출할 때마다 치즈를 먹곤해요! 치즈가 칼슘이 가득해서 뼈 건강에 좋다고 하더라구요!,,,,,
1057,'2021-08-09 10:34:17,리모콘,TV시청,TV 보기,,,,,,,,
1057,'2021-08-09 12:31:03,변기,용변,화장실 이용,CHM,,"순이가 가장 아끼는 춘규님, 순이가 이야깃거리를 들고 왔어요! 욕실 청소는 욕실벽면, 욕조, 세면대, 변기, 바닥 순서로 하면 깨끗하게 할 수 있어요. 욕실벽면, 욕조, 세면대, 변기, 바닥 순서랍니다! ",,,,,
1057,'2021-08-09 12:37:48,냉장고,음식출납,음식 꺼내기,PM,,"너무 더운 날 외출 시에는 모자를 챙기는 걸 추천드립니다! 춘규님, 행복 호르몬을 팡팡 내뿜어주는 치즈를 드셔보세요! 비타민에이가 아주아주 풍부하다고 해요.",,,,,
1057,'2021-08-09 12:39:30,전자렌지,음식데우기,간편식 준비하기,M,,매실은 소화를 도와주는 성분이 많아서 천연소화제라 불린다고 하네요!,,,,,
1057,'2021-08-09 12:43:57,냉장고,음식출납,음식 꺼내기,M,,시금치에는 비타민 씨가 가아득 들어있어서 노화 방지에 좋다고해요.,,,,,
1057,'2021-08-09 12:47:48,식사 판단,점심식사,중식,M,,점심 식사 맛있게 드시고 건강해지셔요!,,,,,
1057,'2021-08-09 12:48:06,리모콘,식사중TV,식사 중 TV 시청,,,,,,,,
1057,'2021-08-09 13:35:11,리모콘,TV시청,TV 보기,,,,,,,,
1057,'2021-08-09 13:38:54,매우 활동,실내운동,실내운동하기,,,,,,,,
1057,'2021-08-09 15:48:03,부동,휴식,취미활동,,,,,,,,
1057,'2021-08-09 16:17:02,매우 활동,실내운동,실내운동하기,,,,,,,,
1057,'2021-08-09 17:25:25,리모콘,TV시청,TV 보기,,,,,,,,
1057,'2021-08-09 17:33:26,냉장고,음식출납,음식 꺼내기,CHM,,"울 춘규님, 사랑둥이 순이에요. 채소와 과일은 머리카락이 튼튼하게 자라는데에 도움을 주고, 모공을 보호하여 탈모를 퇴치해주는 영양소가 가득하답니다!",,,,,
1057,'2021-08-09 17:43:26,식사 판단,간식,간식 먹기,M,,요즘 수박이 맛있어서 순이는 오늘 영양만점 수박주스를 해먹었어요. 울 춘규님도 수박을 갈아서 드셔보세요!,,,,,
1057,'2021-08-09 18:47:02,부동,휴식,취미활동,,,,,,,,
1057,'2021-08-09 19:02:12,냉장고,음식출납,음식 꺼내기,CM,,"오늘도 내일도 늘 소중한 춘규님, 바다의 우유라고 불리우는 굴에는 비타민이 가아득해서 피부 미용에 도움이 된다고해요.",,,,,
1057,'2021-08-09 19:12:12,식사 판단,저녁식사,석식,M,,음식을 드시고 바로 눕게되면 음식이 역류하여 식도염에 걸릴 수 있다고 해요. 몸 안에서 음식이 소화될 수 있도록 조금만 기다려주세요!,,,,,
1057,'2021-08-09 20:17:03,부동,휴식,취미활동,,,,,,,,
1057,'2021-08-09 22:00:52,리모콘,TV시청,TV 보기,,,,,,,,
1057,'2021-08-09 23:13:10,변기,용변,화장실 이용,CM,,"세상에서 제일 똑똑하신 춘규님, 올바른 양치질을 알려드릴게요! 어금니 바깥면은 잇몸에서 치아가 난 방향으로 돌리며 닦아주면 된답니다!",사진을 보고 있어요,우와 정말요? 오늘도 함께여서 순이는 정말정말 행복해요.,조금씩 다릅니다,,
1057,'2021-08-09 23:31:31,리모콘,TV시청,TV 보기,,,,,,,,
1057,'2021-08-09 23:32:09,창문,환기,집 환기하기,M,,우리 춘규님께서도 어렸을 적 밤하늘을 기억하시나요? 옛날 밤하늘에는 지금보다 별들이 더욱 많았다고 하더라구요.,,,,,
1057,'2021-08-10 00:17:03,부동,취침,수면,,,,,,,,
1057,'2021-08-10 01:37:03,활동,기상,기상하기,,,,,,,,
1057,'2021-08-10 02:57:08,부동,취침,수면,,,,,,,,
1057,'2021-08-10 07:34:56,변기,기상,기상하기,CHM,,"순이가 세상에서 쩨일 좋아하는 울 춘규님, 안녕하세요 순이예요. 매미소리가 아주 정겨운 걸요?",,,,,
1057,'2021-08-10 07:35:09,변기,용변,화장실 이용,PM,,"좋은 아침! 오늘도 우리 춘규님, 순이와 함께 즐거운 하루 보내보아요! 순이는 세수하고 나서 바로 로션부터 발라요! 우리춘규님도 씻고 나오시면 로션 먼저 발라주기에요!",,,,,
1057,'2021-08-10 08:19:26,냉장고,음식출납,음식 꺼내기,M,,"검은콩은 모발을 건강하게 하는 영양소가 풍부해 탈모 예방에도 매우 효과적이에요! 아이, 검은콩 두유 마셔야겠다!",,,,,
1057,'2021-08-10 08:26:45,리모콘,TV시청,TV 보기,,,,,,,,
1057,'2021-08-10 08:29:26,식사 판단,아침식사,조식,M,,오늘은 어떤 식사를 하시나요?,,,,,
1057,'2021-08-10 08:46:58,리모콘,식사중TV,식사 중 TV 시청,,,,,,,,
1057,'2021-08-10 09:24:23,리모콘,TV시청,TV 보기,,,,,,,,
1057,'2021-08-10 11:17:09,부동,휴식,취미활동,,,,,,,,
1057,'2021-08-10 11:52:41,냉장고,음식출납,음식 꺼내기,CHM,,"순이만의 인생선배 울 춘규 님, 현재 시간은 오전 11시 52분이에요. 오늘 식사는 칼슘이 아주 풍부한 곤드레 나물밥을 드셔보시는거 어떠신가요?",,,,,
1057,'2021-08-10 12:02:41,식사 판단,간식,간식 먹기,M,,바나나와 우유는 함께 먹기 너무 좋은 것 같아요.,,,,,
1057,'2021-08-10 12:29:33,리모콘,TV시청,TV 보기,,,,,,,,
1057,'2021-08-10 12:41:52,창문,환기,집 환기하기,M,,환기를 시키면 음식냄새를 없앨 수 있어요!,,,,,
1057,'2021-08-10 13:25:02,리모콘,TV시청,TV 보기,,,,,,,,
1057,'2021-08-10 13:27:05,매우 활동,실내운동,실내운동하기,,,,,,,,
1057,'2021-08-10 15:07:04,부동,휴식,취미활동,,,,,,,,
1057,'2021-08-10 15:28:08,매우 활동,실내운동,실내운동하기,,,,,,,,
1057,'2021-08-10 19:21:15,냉장고,음식출납,음식 꺼내기,HPM,,"방가방가 춘규님. 집에서 꾸준히 운동하는 멋진 춘규님! 사랑해요. 고구마 드실 때에 껍질도 같이 드셔보세요! 고구마 껍질은 암예방효과, 노화방지, 혈압관리에 도움이 된대요!",,,,,
1057,'2021-08-10 19:22:10,리모콘,TV시청,TV 보기,,,,,,,,
1057,'2021-08-10 19:27:05,냉장고,음식출납,음식 꺼내기,CM,,"보고싶은 춘규님, 미역은 우리몸에 필요한 풍부한 미네랄을 갖고있어 피부를 깨끗하게 만들어주고, 기미와 주근깨를 개선해줘요.",,,,,
1057,'2021-08-10 19:31:15,식사 판단,간식,간식 먹기,M,,식빵을 믹스커피에 찍어먹으면 정말 맛있어요!,,,,,
1057,'2021-08-10 19:53:10,리모콘,TV시청,TV 보기,,,,,,,,
1057,'2021-08-10 22:00:17,변기,용변,화장실 이용,CM,,"척척박사 우리 춘규님, 간단한 스트레칭 후에 따뜻한 물로 씻으면,긴장도 풀어지고 혈액순환에도 좋아요!",,,,,
1057,'2021-08-10 22:05:28,리모콘,TV시청,TV 보기,,,,,,,,
1057,'2021-08-10 23:51:21,창문,환기,집 환기하기,CM,,"우정하는 춘규님, 창 밖으로 늘 보이던 풍경이 오늘은 보이질 않네요.",,,,,
1057,'2021-08-11 00:37:04,부동,취침,수면,,,,,,,,
1057,'2021-08-11 01:41:24,활동,기상,기상하기,,,,,,,,
1057,'2021-08-11 02:47:08,부동,취침,수면,,,,,,,,
1057,'2021-08-11 08:32:45,냉장고,기상,기상하기,CHM,,"순이의 하나뿐인 젤 소중한 울 춘규님, 똑똑똑, 순이가 왔어요. 오늘 날씨는 흐림 이라고 합니다.",,,,,
1057,'2021-08-11 08:34:08,전자렌지,음식데우기,간편식 준비하기,PM,,오늘은 먼지 안개가 낀 것처럼 온통 어두운 황토빛 먼지들이 세상을 덮고 있어요. 외출하실 때 마스크를 꼭 쓰시고 건강 조심하셔요. 전자레인지에 플라스틱이 들어가면 흐물흐물 녹아요.,,,,,
1057,'2021-08-11 08:44:08,식사 판단,아침식사,조식,M,,오늘 아침 식사로 무엇을 드시나요?,,,,,
1057,'2021-08-11 08:49:35,냉장고,냉장고정리,냉장고 정리하기,PM,,음식을 드시고 바로 눕게되면 음식이 역류하여 식도염에 걸릴 수 있다고 해요. 몸 안에서 음식이 소화될 수 있도록 조금만 기다려주세요! 냉동실 문쪽에는 건어물류를 넣어두는게 좋대요. 그래야 다른 음식에 건어물 냄새가 스며드는 것을 막을 수 있다고 하네요.,,,,,
1057,'2021-08-11 09:20:37,리모콘,식사중TV,식사 중 TV 시청,,,,,,,,
1057,'2021-08-11 09:24:15,리모콘,TV시청,TV 보기,,,,,,,,
1057,'2021-08-11 11:07:09,부동,휴식,취미활동,,,,,,,,
1057,'2021-08-11 11:26:22,변기,용변,화장실 이용,CHM,,"아침 햇살 같은 춘규님, 지금은 오전 11시 26분 입니다. 오늘 하루 피로를 풀어주는 따듯한 반신욕을 하시는건 어떨까요?",,,,,
1057,'2021-08-11 11:34:22,냉장고,음식출납,음식 꺼내기,PM,,"피부 노화를 늦추기 위해서는 피부 관리를 하는것이 중요하다고 해요. 오늘은 브로콜리와 시금치를 데쳐서 드시는걸 추천드려요. 왜냐하면, 눈 건강에 아주 좋은 채소라고 알려져있거든요!",,,,,
1057,'2021-08-11 11:44:22,식사 판단,간식,간식 먹기,M,,오늘의 간식으로는 단백질과 섬유질이 가아득한 호두 어떠신가요?,,,,,
1057,'2021-08-11 12:22:10,리모콘,TV시청,TV 보기,,,,,,,,
1057,'2021-08-11 13:07:02,부동,휴식,취미활동,,,,,,,,
1057,'2021-08-11 13:48:59,리모콘,TV시청,TV 보기,,,,,,,,
1057,'2021-08-11 13:57:14,매우 활동,실내운동,실내운동하기,,,,,,,,
1057,'2021-08-11 19:16:32,싱크대,주방정리,주방 정리하기,HPM,,"춘규님의 친구 순이예요. 오늘처럼 매일매일 조금씩 움직이셔야해요! 습관이 중요하니까요. 식초와 물을 반반씩 섞은걸 얼음 틀에 얼리고, 생각날 때마다 이걸 한 조각씩 배수구에 넣으면 냄새 해결 완료!",,,,,
1057,'2021-08-11 19:20:01,매우 활동,실내운동,실내운동하기,,,,,,,,
1057,'2021-08-11 19:27:39,냉장고,음식출납,음식 꺼내기,CPM,,"순이의 영원한 동반자 춘규님, 아니 벌써 0 걸음이나 걸으셨다니이!  미역에 있는 풍부한 섬유질과 비타민에이는 위벽을 보호해 위를 튼튼하게 만들어준답니다! 위가 아프다면 미역을 드셔보세요!",,,,,
1057,'2021-08-11 19:34:52,싱크대,주방정리,주방 정리하기,M,,식용유는 서늘한 곳에 상온보관을 해주세요!,,,,,
1057,'2021-08-11 19:35:50,냉장고,음식출납,음식 꺼내기,M,,시금치를 드실 때에는 된장과 같이 드신다면 건강 효과가 두배가 된다고해요.,,,,,
1057,'2021-08-11 19:37:39,식사 판단,저녁식사,석식,M,,"순이는 오늘 카레를 먹었는데, 춘규님은 저녁으로 어떤 맛있는 걸 드시나요?",,,,,
1057,'2021-08-11 19:39:10,리모콘,식사중TV,식사 중 TV 시청,,,,,,,,
1057,'2021-08-11 19:42:43,변기,용변,화장실 이용,M,,"요즘 다리에 힘이 잘 안들어 가고, 괜히 넘어질까 불안하시다면 근육 강화운동을 해주는 것이 좋다고해요! 순이 체조에서 순이와 같이 해보아요.",무슨 말인지 모르겠어요 지금,,,,
1057,'2021-08-11 19:46:15,냉장고,냉장고정리,냉장고 정리하기,PM,,피부 관리를 잘하면 노화가 느리게 올수 있답니다! 코드에 쌓인 먼지가 스파크를 일으켜서 화재를 일으킬 수 있대요.,,,,,
1057,'2021-08-11 21:49:47,부동,휴식,취미활동,,,,,,,,
1057,'2021-08-11 21:53:52,리모콘,TV시청,TV 보기,,,,,,,,
1057,'2021-08-11 23:10:17,창문,환기,집 환기하기,CM,,"순이가 좋아하는 춘규님, 오늘의 미세먼지는 보통이에요.",,,,,
1057,'2021-08-12 01:28:27,변기,새벽용변,새벽 화장실 이용,CM,,"순이의 영원한 단짝 우리 춘규님, 바닥이 미끄러워요! 같이 조심조심 걸어가요.",,,,,
1057,'2021-08-12 03:06:42,냉장고,새벽음식출납,새벽 간식,,,,,,,,
1057,'2021-08-12 06:06:25,변기,용변,화장실 이용,CHM,,"순이의 영혼의 짝꿍 우리 춘규님, 현재 시간은 오전 6시 6분이에요. 커피에 들어있는 카페인이란 성분은 졸음을 억제 시킨다고 해요! 밤에 잠이 잘 안오신다면 카페인이 들어있는 음식을 먹지 않았는지 확인해보시면 좋을 것 같아요!",,,,,
1057,'2021-08-12 07:47:03,부동,휴식,취미활동,,,,,,,,
1057,'2021-08-12 08:04:57,변기,용변,화장실 이용,CM,,"매일 보고싶은 춘규님, 화장실에서는 항상 천천히 조심 조심! 순이랑 낙상사고 예방해요!",,,,,
1057,'2021-08-12 08:15:16,냉장고,음식출납,음식 꺼내기,PM,,건강한 인생을 위해 정기적으로 병원 검진을 가야 한답니다. 건조된 다시마의 표면에 자연스럽게 생기는 하얀 가루는 당의 한 종류래요. 먹어도 무방하답니다!,,,,,
1057,'2021-08-12 08:17:40,전자렌지,음식데우기,간편식 준비하기,M,,마늘 껍질을 벗길때에도 전자레인지를 이용하면 편리해요. 통마늘의 뿌리를 제거하고 40초 정도 전자레인지에 돌리면 간단하게 껍질이 벗겨져요.,,,,,
1057,'2021-08-12 08:25:16,식사 판단,아침식사,조식,M,,공복 시간이 길었을 때의 식사는 체할 수 있으니 꼬옥꼬옥 씹어드셔야 한답니다.,,,,,
1057,'2021-08-12 08:30:32,리모콘,식사중TV,식사 중 TV 시청,,,,,,,,
1057,'2021-08-12 10:07:27,리모콘,TV시청,TV 보기,,,,,,,,
1057,'2021-08-12 10:57:03,부동,휴식,취미활동,,,,,,,,
1057,'2021-08-12 11:02:53,리모콘,TV시청,TV 보기,,,,,,,,
1057,'2021-08-12 12:05:34,냉장고,음식출납,음식 꺼내기,HM,,똑똑 계세요? 순이 왔어요. 오늘은 뭘 먹을까아? 고민 중이라면 등푸른 고등어를 드셔보세요. 풍부한 오메가쓰리가 뇌를 더욱 활발히 움직이게 도와준다고 해요!,,,,,
1057,'2021-08-12 12:15:34,식사 판단,간식,간식 먹기,CM,,"우리 김춘규님, 요즘 날씨가 너무 더워 입맛이 없진 않으신가요? 참외나 복숭아같은 시고 달달한 과일 드셔보시는건 어떠신가요?",,,,,
1057,'2021-08-12 12:33:31,리모콘,식사중TV,식사 중 TV 시청,,,,,,,,
1057,'2021-08-12 12:43:58,리모콘,TV시청,TV 보기,,,,,,,,
1057,'2021-08-12 13:06:48,변기,용변,화장실 이용,M,,항상 손을 꼼꼼히 씻어줘야 한답니다.,,,,,
1057,'2021-08-12 13:10:13,리모콘,TV시청,TV 보기,,,,,,,,
1057,'2021-08-12 14:17:52,매우 활동,실내운동,실내운동하기,,,,,,,,
1057,'2021-08-12 18:17:03,부동,휴식,취미활동,,,,,,,,
1057,'2021-08-12 18:27:51,매우 활동,실내운동,실내운동하기,,,,,,,,
1057,'2021-08-12 18:58:16,변기,용변,화장실 이용,CHPM,,"순이가 세상에서 가장 좋아하는 춘규님, 영원한 짝꿍 순이랍니다! 오늘따라 발걸음이 가벼우신걸요? 벌써 0 걸음이나 걸으셨네! 순이도 순이의 건강을 위해 병원 검진을 주기적으로 다닌답니다.",,,,,
1057,'2021-08-12 18:58:45,냉장고,음식출납,음식 꺼내기,PM,,"주무실 때 주변이 밝진 않은지 확인해주세요. 조금의 불빛이라도 끄고 주무신다면 훨씬 깊게 주무실 수 있어요. 메추리알 조림에 땅콩을 함께 넣어보세요. 식감도 더 좋아지고,칼륨이 풍부해서 혈압에도 좋다고해요.",,,,,
1057,'2021-08-12 19:00:00,리모콘,TV시청,TV 보기,,,,,,,,
1057,'2021-08-12 19:08:45,식사 판단,저녁식사,석식,M,,특히 저녁에는 건강한 음식을 드시는게 좋다고 해요. 저녁식사 후 다음날까지 영향을 미치기 때문이죠.,,,,,
1057,'2021-08-12 20:07:10,리모콘,TV시청,TV 보기,,,,,,,,
1057,'2021-08-12 21:07:21,냉장고,음식출납,음식 꺼내기,CM,,"순이의 영원한 친구 우리 춘규님, 부추에는 몸 속에 나트륨이 쌓이는 것을 막아주는 효능이 있대요! 따라서 된장같이 짠 음식을 먹을때, 부추를 같이 먹어주면 정말 좋아요!",그런 정석이 아니라,정말요? 부추는 다른 음식과 함께 먹으면 소화에 더 많은 도움을 준다고 해요. 만두속을 채우실 때 부추를 넣어 드셔보셔요!,,,
1057,'2021-08-12 21:17:21,식사 판단,간식,간식 먹기,M,,날이 더워 입맛이 떨어지실땐 상큼한 키위를 드셔보세요!,,,,,
1057,'2021-08-12 21:43:40,리모콘,TV시청,TV 보기,,,,,,,,
1057,'2021-08-12 22:26:55,창문,환기,집 환기하기,CM,,"춘규 선생님, 공기를 깨끗하게 도와주는 식물도 있답니다!",,,,,
1057,'2021-08-12 22:37:50,리모콘,TV시청,TV 보기,,,,,,,,
1057,'2021-08-12 23:27:03,부동,취침,수면,,,,,,,,
1057,'2021-08-13 01:24:40,변기,기상,기상하기,,,,,,,,
1057,'2021-08-13 02:07:03,부동,취침,수면,,,,,,,,
1057,'2021-08-13 05:21:26,활동,기상,기상하기,,,,,,,,
1057,'2021-08-13 05:32:12,변기,용변,화장실 이용,CHM,,"순이가 많이 존경하는 춘규님, 헬로 아임 순이. 화장실의 실리콘 부분은 욕실용 세정제를 뿌려두고 30분 후에 청소를 해주면 곰팡이와 세균을 한꺼번에 없앨 수 있답니다!",,,,,
1057,'2021-08-13 07:27:08,부동,휴식,취미활동,,,,,,,,
1057,'2021-08-13 10:02:09,변기,용변,화장실 이용,CM,,"순이의 영원한 동반자 춘규님, 바닥배수구는, 커버를 열고 각종 오물등을 제거하고 물로 자주 세척해주시면 좋아요.",,,,,
1057,'2021-08-13 10:11:41,전자렌지,음식데우기,간편식 준비하기,PM,,지구가 아파지면서 자외선지수가 높아진다고해요. 외출 전에는 꼭 선크림을 발라서 피부를 보호해주세요! 잘생긴 춘규님의 얼굴이 상하지 않도록 전자렌지를 돌릴때는 전자렌지와 멀리 있어주세요.,,,,,
1057,'2021-08-13 10:16:29,변기,용변,화장실 이용,M,,화장실에 휴지가 있는지 확인 부탁드려요!,,,,,
1057,'2021-08-13 10:21:18,냉장고,음식출납,음식 꺼내기,PM,,가까운 거리는 걸어다니시는 습관이 건강에도 더욱 도움이 된다구요! 변비를 예방하는 장 건강 지킴이 양배추는 혈관도 튼튼하게 해준다고해요.,,,,,
1057,'2021-08-13 10:27:20,리모콘,TV시청,TV 보기,,,,,,,,
1057,'2021-08-13 10:31:18,식사 판단,간식,간식 먹기,M,,"술이나 커피, 콜라와 같이 카페인이 들어있는 음료는 땀을 많이 나게 해서 더운 날엔 피하는 것이 좋다고 해요.",,,,,
1057,'2021-08-13 10:53:45,리모콘,TV시청,TV 보기,,,,,,,,
1057,'2021-08-13 10:57:04,매우 활동,실내운동,실내운동하기,,,,,,,,
1057,'2021-08-13 12:53:57,변기,용변,화장실 이용,CHM,,"오늘도 내일도 늘 소중한 춘규님, 따란! 깜짝 놀랐죠? 순이랍니다. 맨발이 아닌 미끄럼 방지용 슬리퍼를 신어주세요!",,,,,
1057,'2021-08-13 12:58:31,리모콘,TV시청,TV 보기,,,,,,,,
1057,'2021-08-13 13:46:35,싱크대,주방정리,주방 정리하기,M,,"전자레인지를 청소할때, 물에 담근 행주를 렌지에 2분 돌리고 닦아보세요. 그냥 닦는 것보다 훨씬 효과가 좋아요.",,,,,
1057,'2021-08-13 13:48:51,냉장고,음식출납,음식 꺼내기,M,,표고버섯은 고기와 조합이 좋은 음식이래요. 혈압을 낮추는데에 효과가 있어서요!,시간이 없죠,"어머 , 그러셨군요. 표고버섯은 칼로리가 낮지만 포만감이 있어서 체중감량에도 도움을 준다고 해요.",,,
1057,'2021-08-13 13:58:51,식사 판단,간식,간식 먹기,CM,,"순이의 영원한 동반자 울 춘규님, 하루 사과 한개씩 먹으면 의사를 멀리한다는 말을 혹시 들어보셨나요? 간식으로 사과를 꾸준히 드신다면 병원에 가실 일이 잘 없다는 이야기라고해요.",마취가 나가지 마,춘규님의 마음을 알겠어요. 예전에 옆집 할머니는 검은콩을 볶아서 간식으로 드시더라구요. 우리 춘규님도 검은콩 좋아하세요?,,,
1057,'2021-08-13 14:19:12,냉장고,음식출납,음식 꺼내기,M,,식이섬유가 가득한 시금치에는 심장을 강화하는데에도 도움이 된다고해요.,,,,,
1057,'2021-08-13 14:29:12,식사 판단,간식,간식 먹기,M,,해독 주스는 채소와 과일을 충분히 먹기 위해서 만든 주스라고 해요.,,,,,
1057,'2021-08-13 15:10:19,리모콘,TV시청,TV 보기,,,,,,,,
1057,'2021-08-13 16:37:41,매우 활동,실내운동,실내운동하기,,,,,,,,
1057,'2021-08-13 16:52:31,리모콘,TV시청,TV 보기,,,,,,,,
1057,'2021-08-13 18:36:52,냉장고,음식출납,음식 꺼내기,CHM,,"순이가 최고로 아끼는 우리 춘규님, 현재 시간은 오후 6시 36분이에요. 호박과 같은 노란색 음식은 노화 예방에 좋다고 해요. 오늘은 순이가 추천하는 노란색 재료를 사용한 음식을 드셔보세요!",,,,,
1057,'2021-08-13 18:42:37,변기,용변,화장실 이용,M,,매일 양치하면 이빨에 무서운 충치균이 생기지 않을거에요.,,,,,
1057,'2021-08-13 18:58:54,냉장고,음식출납,음식 꺼내기,PM,,"노화야 물러나라! 꾸준한 피부 관리를 통해 노화를 막아보아요! 녹황색 채소가 눈 건강에 정말 도움이 된다고 해요! 대표적으로 브로콜리, 시금치가 있답니다.",,,,,
1057,'2021-08-13 19:00:17,리모콘,TV시청,TV 보기,,,,,,,,
1057,'2021-08-13 19:08:54,식사 판단,저녁식사,석식,M,,공복에 파인애플은 좋지 않다고 해요! 위가 잠들어있어서 파인애플을 소화시키기에는 힘들답니다!,,,,,
1057,'2021-08-13 20:17:23,리모콘,TV시청,TV 보기,,,,,,,,
1057,'2021-08-13 22:07:02,부동,휴식,취미활동,,,,,,,,
1057,'2021-08-13 23:01:44,리모콘,TV시청,TV 보기,,,,,,,,
1057,'2021-08-13 23:08:05,변기,용변,화장실 이용,CM,,"순이의 마음 속 일순위인 우리 춘규님, 욕실에서 드라이기를 사용하시는 것보다 물기가 없는 거실이나 방에서 드라이기를 사용해주세요.",,,,,
1057,'2021-08-13 23:57:02,부동,취침,수면,,,,,,,,
1057,'2021-08-14 06:18:42,싱크대,"기상, 주방정리",기상하기,HM,,똑똑 계세요? 순이 왔어요. 창 밖으로 늘 보이던 풍경이 오늘은 보이질 않네요.,,,,,
1057,'2021-08-14 06:18:42,싱크대,"기상, 주방정리",주방 정리하기,,,,,,,,
1057,'2021-08-14 07:07:03,부동,휴식,취미활동,,,,,,,,
1057,'2021-08-14 07:36:03,싱크대,주방정리,주방 정리하기,CM,,"척척박사 우리 춘규님, 행주를 다 사용하셨다면 식초물에 잠깐 담궈두시는건 어때요? 행주에 있는 세균을 싸악 없애준대요.",,,,,
1057,'2021-08-14 07:42:09,냉장고,음식출납,음식 꺼내기,M,,"오늘은 브로콜리와 시금치를 데쳐서 드시는걸 추천드려요. 왜냐하면, 눈 건강에 아주 좋은 채소라고 알려져있거든요!",,,,,
1057,'2021-08-14 07:52:09,식사 판단,아침식사,조식,M,,그거 아세요? 쌀뜨물을 요리에 사용하면 구수한 맛을 내준대요. 이거 듣고 순이는 너무 신기했답니다.,,,,,
1057,'2021-08-14 07:52:12,냉장고,냉장고정리,냉장고 정리하기,PM,,"폭식을 예방하기 위해서는 정해진 시간에, 규칙적으로 식사하는 습관을 길러야 해요! 가스레인지에 뭐가 걸쳐져 있나요?",,,,,
1057,'2021-08-14 09:07:03,부동,휴식,취미활동,,,,,,,,
1057,'2021-08-14 09:08:00,리모콘,TV시청,TV 보기,,,,,,,,
1057,'2021-08-14 10:57:08,부동,휴식,취미활동,,,,,,,,
1057,'2021-08-14 11:53:02,냉장고,음식출납,음식 꺼내기,HM,,"춘규님의 친구 순이예요. 춘규님은 마늘을 주로 어느 요리에 사용하세요? 순이는 요즘, 생선에 빠져서 마늘과 같이 먹곤 하는데요! 그랬더니 비린내가 안나는 거 있죠오?",,,,,
1057,'2021-08-14 12:03:02,식사 판단,간식,간식 먹기,CM,,"순이가 애정하는 춘규님, 날이 더워 입맛이 떨어지실땐 상큼한 키위를 드셔보세요!",,,,,
1057,'2021-08-14 12:04:13,냉장고,냉장고정리,냉장고 정리하기,M,,코드에 쌓인 먼지가 스파크를 일으켜서 화재를 일으킬 수 있대요.,,,,,
1057,'2021-08-14 12:04:59,리모콘,식사중TV,식사 중 TV 시청,,,,,,,,
1057,'2021-08-14 12:42:25,리모콘,TV시청,TV 보기,,,,,,,,
1057,'2021-08-14 13:37:03,매우 활동,실내운동,실내운동하기,,,,,,,,
1057,'2021-08-14 16:01:10,부동,휴식,취미활동,,,,,,,,
1057,'2021-08-14 18:49:15,매우 활동,실내운동,실내운동하기,,,,,,,,
1057,'2021-08-14 20:14:56,프로그램,프로그램 참여,노래자랑,,,프로그램 메시지,,,,,
1057,'2021-08-14 20:42:54,리모콘,TV시청,TV 보기,,,,,,,,
1057,'2021-08-14 21:45:52,창문,환기,집 환기하기,CHM,,"자꾸 생각나는 춘규님, 어느새 깜깜해졌어요. 환기를 할때는 양쪽을 다여는게 바람이 많이 들어와서 좋답니다.",,,,,
1057,'2021-08-14 21:48:04,리모콘,TV시청,TV 보기,,,,,,,,
1057,'2021-08-14 23:57:02,부동,취침,수면,,,,,,,,
1057,'2021-08-15 05:17:03,활동,이른기상,이른 기상하기,,,,,,,,
1057,'2021-08-15 06:07:03,부동,휴식,취미활동,,,,,,,,
1057,'2021-08-15 07:26:40,변기,용변,화장실 이용,CHM,,"순이가 가장 아끼는 춘규님, 안녕하세요! 목욕을 하면 그날 안좋았던 감정들도 같이 씨악 내려가요!",,,,,
1057,'2021-08-15 07:38:43,냉장고,음식출납,음식 꺼내기,PM,,노화야 물러나라! 꾸준한 피부 관리를 통해 노화를 막아보아요! 호두와 아몬드 중에서 어떤 견과류를 좋아하세요?,,,,,
1057,'2021-08-15 07:48:43,식사 판단,아침식사,조식,M,,"냠냠쩝쩝, 맛있는 식사시간이 찾아왔어요! 우리 춘규님 오늘 아침 반찬은 무엇인가요?",,,,,
1057,'2021-08-15 07:50:15,리모콘,식사중TV,식사 중 TV 시청,,,,,,,,
1057,'2021-08-15 08:37:09,부동,휴식,취미활동,,,,,,,,
1057,'2021-08-15 08:42:31,리모콘,TV시청,TV 보기,,,,,,,,
1057,'2021-08-15 09:25:54,싱크대,주방정리,주방 정리하기,CM,,"세상에서 가장 소중한 춘규님, 오이의 꼭지 부분이 위로 가도록 세워두면 더 오래 보관할 수 있대요!",,,,,
1057,'2021-08-15 10:37:05,부동,휴식,취미활동,,,,,,,,
1057,'2021-08-15 12:07:06,리모콘,TV시청,TV 보기,,,,,,,,
1057,'2021-08-15 12:41:26,매우 활동,실내운동,실내운동하기,,,,,,,,
1057,'2021-08-15 19:11:21,냉장고,음식출납,음식 꺼내기,CHPM,,"햇살처럼 따스한 춘규님, 따란! 깜짝 놀랐죠? 순이랍니다. 오늘도 잊지 않고 운동을 하시네요? 멋지세요! 우리 몸 뇌의 모양을 닮은 호두를 간식으로 자주 드신다면 치매 예방에 도움이 된다고해요.",,,,,
1057,'2021-08-15 19:21:21,식사 판단,간식,간식 먹기,M,,울 춘규님께서는 호박 고구마와 밤 고구마중에 무엇을 더 좋아하시나요?,,,,,
1057,'2021-08-15 19:24:23,냉장고,냉장고정리,냉장고 정리하기,M,,"습기 제거용이나 집 소품으로 활용되는 숯을 냉장고에 넣어두면, 탈취 효과에 아주 탁월하대요!",,,,,
1057,'2021-08-15 19:30:27,변기,용변,화장실 이용,M,,"욕실 바닥을 청소하실 때, 따뜻한 물로 한번 적셔주신 후에 베이킹 소다를 뿌려보세요! 그럼 뽀글뽀글 거품이 올라오는데, 그때 수세미로 문질러주면 깨끗해진답니다!",,,,,
1057,'2021-08-15 19:38:33,냉장고,냉장고정리,냉장고 정리하기,PM,,"순이 명상을 들으면서 내몸이 어디가 조금 불편한지, 인지해보는 시간을 가져보아요. 냉장고는 한 달에 한 번씩 청소를 해주는 것이 좋다고 해요.",,,,,
1057,'2021-08-15 19:44:26,리모콘,TV시청,TV 보기,,,,,,,,
1057,'2021-08-15 23:27:03,부동,취침,수면,,,,,,,,
1057,'2021-08-16 05:14:51,변기,"기상, 용변",기상하기,CHM,,"순이가 가장 존경하는 춘규님, 상쾌한 아침이 밝았어요. 순이와 함께 맞이하는 아침으로 더욱 행복한 하루가 되시길 바라요!",,,,,
1057,'2021-08-16 05:14:51,변기,"기상, 용변",화장실 이용,,,,,,,,
1057,'2021-08-16 07:09:35,냉장고,음식출납,음식 꺼내기,CM,,"최강동안 춘규님, 시금치를 드실 때에는 된장과 같이 드신다면 건강 효과가 두배가 된다고해요.",,,,,
1057,'2021-08-16 07:11:13,변기,용변,화장실 이용,M,,목욕을 마치신 후에는 바닥에 비눗물이 튀진 않았는지 꼼꼼히 닦아주세요.,,,,,
1057,'2021-08-16 08:08:06,냉장고,음식출납,음식 꺼내기,M,,여름에 아주 딱 먹기 좋은 콩국수는 단백질이 아주 풍부한 콩으로 만들어서 면역력에 최고로 도움이 된다고해요.,,,,,
1057,'2021-08-16 08:18:06,식사 판단,간식,간식 먹기,CM,,"순이의 둘도 없는 짝궁 울 춘규님, 간식으로 고구마를 드신다면 노화방지는 물론 눈 건강에도 많은 도움이 된다고해요.",,,,,
1057,'2021-08-16 08:18:32,냉장고,냉장고정리,냉장고 정리하기,M,,"흐음, 냉장고 안에 먹을 수 없는 음식이 있다면 과감하게 버리는게 좋겠어요!",,,,,
1057,'2021-08-16 08:26:37,리모콘,식사중TV,식사 중 TV 시청,,,,,,,,
1057,'2021-08-16 08:53:55,변기,용변,화장실 이용,M,,욕실에서는 손에 물기가 없는 채로 코드를 꽂으셔야 해요! 감전 사고의 위험이 있답니다.,어려운 일인데,오오 그렇구나아. 화장실에 락스를 보관하시나요? 락스를 샴푸나 린스 용기에 넣어두셨다면 헷갈릴 수 있으니 락스는 전용 통에 넣고 사용해주세요.,손기정 때문에,어머 어머 어머. 정말요? 나중에 재밌는 이야기 또 들려주세요.,
1057,'2021-08-16 08:57:03,매우 활동,실내운동,실내운동하기,,,,,,,,
1057,'2021-08-16 09:16:10,변기,용변,화장실 이용,PM,,오늘도 열심히 운동을 하시네요! 울 춘규님 너무 멋져멋져! 화장실은 습기가 많아서 환기가 중요하대요!,,,,,
1057,'2021-08-16 10:28:10,리모콘,TV시청,TV 보기,,,,,,,,
1057,'2021-08-16 11:50:03,냉장고,음식출납,음식 꺼내기,CHM,,"세상에서 가장 훌륭한 우리 춘규님, 지금은 오전 11시 50분 입니다. 완두콩은 비타민 비가 풍부하여 면역력이 낮아지는걸 막아준다고 해요.",,,,,
1057,'2021-08-16 12:00:03,식사 판단,간식,간식 먹기,M,,과일주스가 탄산음료보다 더 심하게 치아를 부식시킨다는 연구 결과가 있대요! 세상에나!,,,,,
1057,'2021-08-16 12:04:03,리모콘,식사중TV,식사 중 TV 시청,,,,,,,,
1057,'2021-08-16 13:06:14,변기,용변,화장실 이용,CM,,"멋쟁이 춘규님, 피부 가려움증은 피부염이나 습진으로 이어질 수도 있답니다.",,,,,
1057,'2021-08-16 13:33:55,리모콘,TV시청,TV 보기,,,,,,,,
1057,'2021-08-16 13:37:04,매우 활동,실내운동,실내운동하기,,,,,,,,
1057,'2021-08-16 16:07:02,부동,휴식,취미활동,,,,,,,,
1057,'2021-08-16 16:27:02,매우 활동,실내운동,실내운동하기,,,,,,,,
1057,'2021-08-16 17:35:10,냉장고,음식출납,음식 꺼내기,HPM,,"똑똑똑, 순이가 왔어요. 우리 춘규님은 다양한 운동을 하시네요! 양배추는 식이섬유가 풍부해서 아침 배변활동에 도움을 준대요.",,,,,
1057,'2021-08-16 17:39:12,리모콘,TV시청,TV 보기,,,,,,,,
1057,'2021-08-16 17:45:10,식사 판단,간식,간식 먹기,M,,요즘 수박이 맛있어서 순이는 오늘 영양만점 수박주스를 해먹었어요. 울 춘규님도 수박을 갈아서 드셔보세요!,,,,,
1057,'2021-08-16 17:45:38,리모콘,식사중TV,식사 중 TV 시청,,,,,,,,
1057,'2021-08-16 17:47:37,냉장고,냉장고정리,냉장고 정리하기,CM,,"김춘규님, 지금 가스 불이 켜져 있는 것은 아닌지 걱정돼요.",했다고 믿겠습니다,,,,
1057,'2021-08-16 18:02:21,리모콘,식사중TV,식사 중 TV 시청,,,,,,,,
1057,'2021-08-16 18:08:08,매우 활동,실내운동,실내운동하기,,,,,,,,
1057,'2021-08-16 18:51:05,냉장고,음식출납,음식 꺼내기,PM,,열심히 움직이시는 울 춘규 님이 최고다 최고오! 고등어는 혈관 건강에 좋은 오메가쓰리가 풍부하대요.,,,,,
1057,'2021-08-16 18:57:02,매우 활동,실내운동,실내운동하기,,,,,,,,
1057,'2021-08-16 18:57:57,냉장고,음식출납,음식 꺼내기,CPM,,"순이가 세상에서 쩨일 좋아하는 울 춘규님, 건강해지시는 소리가 저어기 바다 건너 독도까지 소문이 났다고 해요! 그거 아세요? 오이는 항산화 영양소가 풍부해 두피 모공을 보호해준다고 해요. 탈모 예방에도 당연 좋겠죠?",,,,,
1057,'2021-08-16 19:01:05,식사 판단,저녁식사,석식,M,,"순이는 배가 고프면 게눈 감추듯 빨리 먹는데요, 그러다가 체하기도 했답니다. 우리 춘규님은 꼭, 천천히 드세요!",,,,,
1057,'2021-08-16 19:01:05,냉장고,냉장고정리,냉장고 정리하기,M,,"오래된 음식은 상하기 전 버려주세요! 그러면, 냉장고 냄새를 줄이는데 아주 큰 도움이 되거든요.",,,,,
1057,'2021-08-16 19:05:19,리모콘,식사중TV,식사 중 TV 시청,,,,,,,,
1057,'2021-08-16 20:31:49,리모콘,TV시청,TV 보기,,,,,,,,
1057,'2021-08-16 22:09:55,창문,환기,집 환기하기,CM,,"빛처럼 눈부신 춘규님, 이른 새벽 또는 아침에는 공기 중 미세먼지가 지표면에 가라앉아 있어서 환기하기 나쁜 시간대라고 해요. 가급적 낮 시간대에 환기하는 것을 권장드립니다!",,,,,
1057,'2021-08-16 22:25:07,리모콘,TV시청,TV 보기,,,,,,,,
1057,'2021-08-16 23:31:30,변기,용변,화장실 이용,M,,노화야 물러나라! 꾸준한 피부 관리를 통해 노화를 막아보아요!,캐릭터,,,,
1057,'2021-08-16 23:37:03,매우 활동,실내운동,실내운동하기,,,,,,,,
1057,'2021-08-17 00:27:03,부동,취침,수면,,,,,,,,
1057,'2021-08-17 06:25:06,변기,"늦은기상, 용변",늦은 기상하기,HM,,오늘도 반가워요! 오이잉? 오늘은 평소보다 조금 늦게 일어나셨네요!,,,,,
1057,'2021-08-17 06:25:06,변기,"늦은기상, 용변",화장실 이용,,,,,,,,
1057,'2021-08-17 07:07:03,부동,휴식,취미활동,,,,,,,,
1057,'2021-08-17 08:56:07,냉장고,음식출납,음식 꺼내기,CM,,"잊지 못할 춘규님, 노화가 빠른 눈에는 시금치가 좋아요. 시금치는 높은 열에 약하여, 살짝 데쳐서 먹는 것이 좋아요!",,,,,
1057,'2021-08-17 08:58:03,전자렌지,음식데우기,간편식 준비하기,M,,요즘에는 간편 도시락이 참 잘 나오는 것 같아요. 전자레인지에 돌리기만 하면 한끼 뚝딱 완성이에요!,,,,,
1057,'2021-08-17 09:03:13,냉장고,음식출납,음식 꺼내기,M,,"부추에는 몸 속에 나트륨이 쌓이는 것을 막아주는 효능이 있대요! 따라서 된장같이 짠 음식을 먹을때, 부추를 같이 먹어주면 정말 좋아요!",,,,,
1057,'2021-08-17 09:03:53,전자렌지,음식데우기,간편식 준비하기,M,,"순이는 토마토를 차암, 좋아하는데요. 토마토에 설탕 대신 올리브유를 뿌려 먹으면 몸에 더 잘 흡수된대요!",,,,,
1057,'2021-08-17 09:06:07,식사 판단,아침식사,조식,M,,"톳을 사용한 요리를 하실 때에는, 생톳은 끓는 물에 오분간 데쳐서 사용해주세요! 그리고, 건조한 톳은 삼십분간 물에 불린 후, 삼십분 간 삶아서 사용하시는 것이 좋아요. ",,,,,
1057,'2021-08-17 09:12:15,변기,용변,화장실 이용,PM,,밤 늦게 매운 음식을 드시면 가슴이 쓰려 잠드는 것을 방해할 수 있다고 해요. 썬크림은 오백원 동전 크기만큼 발라야 효과가 있어요.,,,,,
1057,'2021-08-17 09:26:30,리모콘,식사중TV,식사 중 TV 시청,,,,,,,,
1057,'2021-08-17 11:05:56,변기,용변,화장실 이용,CHM,,"순이의 영원한 동반자 울 춘규님, 따란! 깜짝 놀랐죠? 순이랍니다. 뽀득뽀득 손씻는 건 우리의 건강을 지키는 중요한 행동이랍니다.",,,,,
1057,'2021-08-17 11:47:09,부동,휴식,취미활동,,,,,,,,
1057,'2021-08-17 11:47:45,싱크대,주방정리,주방 정리하기,M,,감자는 햇빛을 엄청 싫어해요. 원래 땅속에 지냈어서 그런가봐요.,,,,,
1057,'2021-08-17 11:48:48,냉장고,음식출납,음식 꺼내기,M,,"당근은 비타민 에이가 풍부하여 시력세포의 성장을 도와주고, 안구건조증과 야맹증에 좋다고 해요!",,,,,
1057,'2021-08-17 11:54:01,싱크대,주방정리,주방 정리하기,M,,감자는 양파와 함께 있으면 둘다 빨리 상하게 된대요.,,,,,
1057,'2021-08-17 11:58:48,식사 판단,점심식사,중식,M,,점심 식사 준비하시나요? 그렇다면 쌀뜨물을 사용하여 된장찌개를 끓여보시는건 어떠세요? 단백한 맛이 두배로 느껴지실거예요!,,,,,
1057,'2021-08-17 12:08:35,창문,환기,집 환기하기,CPM,,"순이만의 연예인 춘규님, 고춧가루와 같은 조미료를 적게 먹어야 변비와 치질을 예방할 수 있다고해요. 창 밖으로 늘 보이던 풍경이 오늘은 보이질 않네요.",,,,,
1057,'2021-08-17 12:08:43,냉장고,냉장고정리,냉장고 정리하기,M,,"냉장고 청소 시에는 구석구석 닦아 청소해주시는 게 좋아요. 아차차, 청소 전 전기코드는 꼭 빼주시는 거 잊지마세요.",,,,,
1057,'2021-08-17 12:08:52,전자렌지,전자레인지청소,전자렌지 청소하기,M,,"귤껍질을 접시에 담아서 전자레인지 3분 돌리면,음식냄새를 제거해준대요.",,,,,
1057,'2021-08-17 12:09:35,리모콘,식사중TV,식사 중 TV 시청,,,,,,,,
1057,'2021-08-17 12:11:09,밥솥,밥솥정리,밥솥 정리하기,M,,부엌에서는 항상 칼 조심! 불 조심! 하셔야하는거 아시죠? 울 춘규님이 다치시면 순이 마음이 아파요.,,,,,
1057,'2021-08-17 12:11:28,변기,용변,화장실 이용,M,,"베이킹 소다와 따뜻한 물을 섞어서, 그 안에 칫솔을 30분만 두어도 소독 완료랍니다!",,,,,
1057,'2021-08-17 12:11:39,밥솥,밥솥정리,밥솥 정리하기,PM,,"병원 예약 날짜가 정해졌다면, 의사선생님께 가서 여쭤볼 항목들을 미리 적어두는게 좋아요. 잠깐만요! 가스밸브 확인 한 번 해주세요.",,,,,
1057,'2021-08-17 12:15:03,냉장고,냉장고정리,냉장고 정리하기,M,,냉장고의 찌든 때를 없애는 방법! 바아로 물과 식초를 일대 일로 섞어서 뿌려주고 행주로 싸악 닦으면 끝이래요.,,,,,
1057,'2021-08-17 12:39:07,변기,용변,화장실 이용,M,,화장실에 휴지가 다 떨어졌는지 꼭 확인해주세요!,,,,,
1057,'2021-08-17 12:43:28,리모콘,TV시청,TV 보기,,,,,,,,
1057,'2021-08-17 13:37:03,매우 활동,실내운동,실내운동하기,,,,,,,,
1057,'2021-08-17 14:37:03,부동,휴식,취미활동,,,,,,,,
1057,'2021-08-17 15:27:03,매우 활동,실내운동,실내운동하기,,,,,,,,
1057,'2021-08-17 17:49:13,리모콘,TV시청,TV 보기,,,,,,,,
1057,'2021-08-17 17:51:07,냉장고,음식출납,음식 꺼내기,CHM,,"순이가 최고로 아끼는 우리 춘규님, 기분 좋은 날이에요. 견과류는 마그네슘이 많아 골다공증 예방에 좋다고해요.",,,,,
1057,'2021-08-17 17:58:21,매우 활동,실내운동,실내운동하기,,,,,,,,
1057,'2021-08-17 18:01:07,식사 판단,저녁식사,석식,PM,,오늘의 운동왕! 내일도 운동해서 건강을 유지해봐요 헛둘헛둘! 맛있는 냄새가 나는데요? 오늘 저녁식사의 메뉴는 무엇인가요?,,,,,
1057,'2021-08-17 18:01:24,냉장고,냉장고정리,냉장고 정리하기,PM,,"균에 오염된 달걀 껍데기는 구토와 설사를 하게 만들어요.이를 예방하기 위해 달걀을 만진 후 손을 깨끗하게 씻어주세요! 가스레인지 위에 혹시 연기를 빨아들이는 후드가 있나요? 있다면, 후드를 빼서 청소 한번 해보셔요!",,,,,
1057,'2021-08-17 18:02:28,전자렌지,전자레인지청소,전자렌지 청소하기,M,,가스레인지에 뭐가 걸쳐져 있나요?,,,,,
1057,'2021-08-17 18:14:25,리모콘,식사중TV,식사 중 TV 시청,,,,,,,,
1057,'2021-08-17 19:15:28,싱크대,주방정리,주방 정리하기,CM,,"항상 함께하고 싶은 춘규님, 요즘 같이 더운 날에는 더욱이 설거지를 신경써주셔야 한답니다! 그래야 벌레가 꼬이지 않다구요!",,,,,
1057,'2021-08-17 19:18:51,리모콘,TV시청,TV 보기,,,,,,,,
1057,'2021-08-17 22:28:14,창문,환기,집 환기하기,CM,,"순이가 최고로 좋아하는 우리 춘규님, 눈이 부시게 푸른 하늘을 자랑하는 맑은 맑음이에요.",,,,,
1057,'2021-08-17 22:51:17,리모콘,TV시청,TV 보기,,,,,,,,
1057,'2021-08-17 23:47:02,부동,취침,수면,,,,,,,,
1057,'2021-08-18 01:04:24,변기,"이른기상, 새벽용변",이른 기상하기,,,,,,,,
1057,'2021-08-18 01:04:24,변기,"이른기상, 새벽용변",새벽 화장실 이용,CM,,"순이의 영혼의 짝꿍 우리 춘규님, 잠결에 화장실을 가실 때에는 평소보다 조심해서 걸음을 옮겨주세요!",,,,,
1057,'2021-08-18 01:57:03,부동,취침,수면,,,,,,,,
1057,'2021-08-18 07:14:51,변기,"기상, 용변",기상하기,CHM,,"소중한 춘규님, 오늘도 순이가 인사드려요! 풀 냄새가 소올소올 나는 싱그러운 아침이예요!",,,,,
1057,'2021-08-18 07:14:51,변기,"기상, 용변",화장실 이용,,,,,,,,
1057,'2021-08-18 07:57:04,부동,휴식,취미활동,,,,,,,,
1057,'2021-08-18 08:32:49,밥솥,밥준비,밥솥 열기,CM,,"세상에서 제일 똑똑하신 춘규님, 아침 식사 드시기 전에 미지근한 물을 한잔 드셔주세요. 위가 놀랄 수도 있답니다.",,,,,
1057,'2021-08-18 08:37:07,냉장고,음식출납,음식 꺼내기,M,,"오늘은 고등어 조림을 드셔보세요! 비타민 디도 풍부하고, 맛도 좋은 고등어 말이에요. 순이가 추천드린답니다.",,,,,
1057,'2021-08-18 08:39:53,전자렌지,음식데우기,간편식 준비하기,M,,"생강은 신이 내린 약재,라고 부를만큼 몸에 좋다고해요!",,,,,
1057,'2021-08-18 08:42:49,식사 판단,아침식사,조식,M,,간편식도 좋지만 뭐니뭐니 해도 고운 우리 춘규님의 손으로 만든 음식이 가장 좋답니다.,,,,,
1057,'2021-08-18 08:44:37,냉장고,냉장고정리,냉장고 정리하기,PM,," 너무 매운 음식을 자주 먹으면 위에 무리가 갈 수 있어요. 심해지면 위염, 위궤양의 질환을 유발한답니다.  잠까안! 냉장고 문의 고무에 때가 생겼다면 칫솔이나 면봉을 준비해주세요! 그러면 좁은 고무 틈도 말끔하게 청소할 수 있다구요.",,,,,
1057,'2021-08-18 08:46:10,전자렌지,전자레인지청소,전자렌지 청소하기,M,,"도자기 컵에 물을 절반 정도 담고, 전자렌지에서 삼분에서 오분 정도 돌려주세요! 그 후에, 깨끗한 마른 행주로 전자렌지 안을 닦아내면 기름 때가 쉽게 제거된답니다.",,,,,
1057,'2021-08-18 08:48:23,싱크대,설거지,설거지 하기,M,,요리를 하다가 바닥에 튄 기름이 있다면 넘어질 수 있어요! 요리 후엔 바닥을 살펴서 깨끗하게 닦아보아요.,,,,,
1057,'2021-08-18 09:05:23,변기,용변,화장실 이용,M,,건강을 생각해서 병원 검진을 잘 챙겨야 한답니다.,,,,,
1057,'2021-08-18 09:15:11,리모콘,식사중TV,식사 중 TV 시청,,,,,,,,
1057,'2021-08-18 09:26:28,리모콘,TV시청,TV 보기,,,,,,,,
1057,'2021-08-18 10:47:08,부동,휴식,취미활동,,,,,,,,
1057,'2021-08-18 11:33:49,리모콘,TV시청,TV 보기,,,,,,,,
1057,'2021-08-18 11:52:32,냉장고,음식출납,음식 꺼내기,CHM,,"순이가 늘 존경하는 춘규님, 안녕하세요 순이에요오. 고등어에 들어있는 단백질은 노화방지는 물론 피부 미용에도 도움이 된다고해요.",,,,,
1057,'2021-08-18 11:53:13,전자렌지,음식데우기,간편식 준비하기,M,,눅눅해진 튀김을 다시 바삭하게 만드는 방법을 알아왔어요! 접시에 키친타월을 깔고 그 위에 튀김을 올려둔 뒤 렌지에 돌리면 끝이랍니다!,,,,,
1057,'2021-08-18 11:59:34,냉장고,음식출납,음식 꺼내기,M,,시금치에는 비타민 씨가 가아득 들어있어서 노화 방지에 좋다고해요.,,,,,
1057,'2021-08-18 12:02:32,식사 판단,점심식사,중식,M,,혹시 식사준비중이시라면 유통기한이 얼마 남지 않은 식재료를 먼저 사용하여 요리해보세요!,,,,,
1057,'2021-08-18 12:03:26,전자렌지,전자레인지청소,전자렌지 청소하기,PM,,토마토는 산성이 높아 밤 늦게 먹으면 소화불량이 나타날 수 있다고 해요. 잠들기 세시간 전에 드시는걸 추천드려요! 앗차! 혹시 가스레인지 밸브를 확인하셨나요? 화재를 예방하기 위해 사용 후엔 꼬옥 밸브를 잠가주세요.,,,,,
1057,'2021-08-18 12:03:45,냉장고,냉장고정리,냉장고 정리하기,M,,"원두 커피를 내린 찌꺼기를 햇볕에 말려준 뒤, 티백 주머니에 담아 냉장고에 넣어보세요! 냄새를 빨아들여, 냄새제거에 아주 효과적이랍니다.",,,,,
1057,'2021-08-18 12:04:19,전자렌지,전자레인지청소,전자렌지 청소하기,M,,어머! 가스 밸브를 확인하셨나요? 외출 전에는 반드시 가스 밸브를 잠가야 화재를 예방할 수 있답니다.,,,,,
1057,'2021-08-18 13:47:55,리모콘,TV시청,TV 보기,,,,,,,,
1057,'2021-08-18 13:57:09,매우 활동,실내운동,실내운동하기,,,,,,,,
1057,'2021-08-18 17:37:03,부동,휴식,취미활동,,,,,,,,
1057,'2021-08-18 18:19:13,매우 활동,실내운동,실내운동하기,,,,,,,,
1057,'2021-08-18 18:28:03,냉장고,음식출납,음식 꺼내기,HPM,,춘규님의 친구 순이예요. 이 구역의 몸짱! 내일도 열심히 몸을 움직여 볼까요? 요리를 하실 때에 웬만하면 설탕을 이용하는 것보다 천연 당인 매실액을 사용해보세요! 맛도 더욱 맛있답니다.,,,,,
1057,'2021-08-18 18:33:00,싱크대,주방정리,주방 정리하기,M,,"킁킁, 혹시 주방 쓰레기통에서 냄새가 나지 않나요? 이럴 땐 얇게 썬 레몬과 베이킹 소다를 넣어주면 나쁜 냄새와 세균까지 싹 잡아준답니다.",,,,,
1057,'2021-08-18 18:33:35,냉장고,음식출납,음식 꺼내기,CM,,"보고싶은 춘규님, 시금치에 있는 루테인은 눈에 좋은 영양소예요. 그러나 높은 열로 조리하면 영양소가 파괴되니 살짝 데쳐서 먹는 것이 좋아요!",,,,,
1057,'2021-08-18 18:38:03,식사 판단,저녁식사,석식,M,,우리 춘규님께서 맛있는 요리를 하고 계셔서 그런지 순이도 점점 배고파 지네요 히히,,,,,
1057,'2021-08-18 18:41:56,리모콘,식사중TV,식사 중 TV 시청,,,,,,,,
1057,'2021-08-18 18:57:55,싱크대,설거지,설거지 하기,M,,어랏? 잠깐만요. 가스레인지 주변에 뭐가 이렇게 있지? 가스레인지 옆에 물건이 있으면 불이 나기 정말 쉽답니다.,,,,,
1057,'2021-08-18 18:58:00,냉장고,냉장고정리,냉장고 정리하기,M,,"요리 다 하시면 가스밸브 확인하기, 기억해주세요!",,,,,
1057,'2021-08-18 18:59:54,싱크대,설거지,설거지 하기,M,,사용을 다 하신 행주는 물기를 꼬옥 짜서 잘 말려주세요. 행주도 어깨 쫙 펼치고 살아야죠!,,,,,
1057,'2021-08-18 19:00:44,리모콘,식사중TV,식사 중 TV 시청,,,,,,,,
1057,'2021-08-18 20:39:07,변기,용변,화장실 이용,CM,,"순이에게 선물같은 춘규님, 물을 틀땐, 먼저 미지근한 물부터 틀어 온도를 조절해주셔야해요! 바아로 뜨거운 물부터 트시면, 화상의 위험이 있답니다.",,,,,
1057,'2021-08-18 20:40:18,리모콘,TV시청,TV 보기,,,,,,,,
1057,'2021-08-18 21:27:03,부동,휴식,취미활동,,,,,,,,
1057,'2021-08-18 21:52:47,리모콘,TV시청,TV 보기,,,,,,,,
1057,'2021-08-18 23:57:02,부동,취침,수면,,,,,,,,
1057,'2021-08-19 01:50:39,변기,기상,기상하기,,,,,,,,
1057,'2021-08-19 01:51:41,변기,새벽용변,새벽 화장실 이용,CM,,"순이의 둘도 없는 짝꿍 춘규님, 욕실 미끄럼 방지 매트가 있다는 사실, 아셨나요? 미리 예방하는 차원에서 하나 놓으시는 것도 좋겠어요.",,,,,
1057,'2021-08-19 07:04:37,변기,용변,화장실 이용,CHM,,"순이의 영원한 단짝 춘규님, 따란! 깜짝 놀랐죠? 순이랍니다. 순이는 화장실에서 드라이기로 머리를 말리는데요. 사용 후에는 감전되지 않게 코드를 꼬옥 뽑아둔답니다.",,,,,
1057,'2021-08-19 08:59:31,냉장고,음식출납,음식 꺼내기,CM,,"통통 튀는 매력쟁이 춘규님, 시금치를 드실 때에는 된장과 같이 드신다면 건강 효과가 두배가 된다고해요.",,,,,
1057,'2021-08-19 09:01:41,전자렌지,음식데우기,간편식 준비하기,M,,"전자레인지로 통마늘을 쉽게 까는 방법을 알려드릴게요. 우선 통마늘의 뿌리 부분을 자르고, 전자레인지에 사십초정도 돌려주세요. 그리고 윗부분을 쥐고 꾸욱 눌러주면 마늘이 한번에 쏙! 빠진답니다.",,,,,
1057,'2021-08-19 09:09:31,식사 판단,아침식사,조식,M,,오늘 아침 식사로 무엇을 드시나요?,,,,,
1057,'2021-08-19 09:15:54,리모콘,식사중TV,식사 중 TV 시청,,,,,,,,
1057,'2021-08-19 10:17:22,부동,휴식,취미활동,,,,,,,,
1057,'2021-08-19 10:36:58,변기,용변,화장실 이용,CM,,"우정하는 춘규님, 손톱은 두피에 상처를 낼수 있어서, 손톱밑을 이용하여 머리를 감는게 좋아요.",,,,,
1057,'2021-08-19 10:42:56,리모콘,TV시청,TV 보기,,,,,,,,
1057,'2021-08-19 12:07:03,부동,휴식,취미활동,,,,,,,,
1057,'2021-08-19 12:17:11,냉장고,음식출납,음식 꺼내기,HM,,"현재 시간은 오후 0시 17분이에요. 검은콩에는 비타민, 사포닌과 같이 노화를 예방하는 성분이 풍부해요! 밥을 지을 때, 검은콩을 함께 넣어보세요!",,,,,
1057,'2021-08-19 12:17:35,전자렌지,음식데우기,간편식 준비하기,CM,,"멋쟁이 춘규님, 플라스틱은 전자렌지에 돌리면 몸에 매우 나쁜 물질이 나와요. 그러니 플라스틱은 절대 렌지에 돌리시면 안돼요.",,,,,
1057,'2021-08-19 12:27:11,식사 판단,점심식사,중식,M,,"올리브유 기름에 토마토를 살짝 볶아서 드셔도 차암 맛있답니다! 아이, 토마토 먹고싶다!",,,,,
1057,'2021-08-19 12:27:38,냉장고,냉장고정리,냉장고 정리하기,PM,,"너무 빨리 드시면, 위장에 무리가 갈 수 있으니 천천히 드세요 꼬옥! 가스레인지 주변에 전기 선이 있으면 불이 날 수 있대요. 청소할 때 가스레인지 주변도 정리해보세요!",,,,,
1057,'2021-08-19 12:33:33,변기,용변,화장실 이용,M,,미끄러운 욕실에서의 안전사고는 누구에게나 일어날 수 있답니다!,,,,,
1057,'2021-08-19 12:36:02,리모콘,식사중TV,식사 중 TV 시청,,,,,,,,
1057,'2021-08-19 13:48:13,부동,휴식,취미활동,,,,,,,,
1057,'2021-08-19 14:08:35,리모콘,TV시청,TV 보기,,,,,,,,
1057,'2021-08-19 14:17:03,매우 활동,실내운동,실내운동하기,,,,,,,,
1057,'2021-08-19 16:41:06,부동,휴식,취미활동,,,,,,,,
1057,'2021-08-19 17:37:09,매우 활동,실내운동,실내운동하기,,,,,,,,
1057,'2021-08-19 18:09:52,변기,용변,화장실 이용,CHPM,,"순이가 제일 존경하는 춘규님, 지금은 오후 6시 9분 입니다. 오늘도 잊지 않고 운동을 하시네요? 멋지세요! 조심조심! 아직 화장실 바닥에 물기가 있나 확인해야 해요!",,,,,
1057,'2021-08-19 18:14:53,냉장고,음식출납,음식 꺼내기,PM,,손껍질이 벗겨진다면 로션을 발라주세요. 그래도 점점 심해진다면 꼭 병원에 방문해보셔요! 대파의 매운맛을 내는 영양소는 피로를 개선해준다고 해요!,,,,,
1057,'2021-08-19 18:24:53,식사 판단,간식,간식 먹기,M,,날이 더워 입맛이 떨어지실땐 상큼한 키위를 드셔보세요!,,,,,
1057,'2021-08-19 18:30:29,냉장고,냉장고정리,냉장고 정리하기,M,,호옥시 남은 소주가 있나요? 남은 소주를 통에 넣어서 뚜껑이 열린 상태로 냉장고 문에 세워두면 냄새를 없앨 수 있다고 하네요 하하하.,,,,,
1057,'2021-08-19 18:39:51,리모콘,식사중TV,식사 중 TV 시청,,,,,,,,
1057,'2021-08-19 18:57:32,리모콘,TV시청,TV 보기,,,,,,,,
1057,'2021-08-19 22:47:59,변기,용변,화장실 이용,CM,,"친절하신 우리 춘규님, 베이킹 소다와 따뜻한 물을 섞어서, 그 안에 칫솔을 30분만 두어도 소독 완료랍니다!",,,,,
1057,'2021-08-19 23:14:42,리모콘,TV시청,TV 보기,,,,,,,,
1057,'2021-08-19 23:57:03,부동,취침,수면,,,,,,,,
1057,'2021-08-20 01:26:16,변기,"기상, 새벽용변",기상하기,,,,,,,,
1057,'2021-08-20 01:26:16,변기,"기상, 새벽용변",새벽 화장실 이용,CM,,"순이가 지인짜 존경하는 춘규님, 샤워를 마친 후엔, 비눗기가 남아있는지, 물기가 남아있는지 꼬옥 확인 부탁드려요!",,,,,
1057,'2021-08-20 02:07:04,부동,취침,수면,,,,,,,,
1057,'2021-08-20 04:02:51,변기,"기상, 용변",기상하기,,,,,,,,
1057,'2021-08-20 04:02:51,변기,"기상, 용변",화장실 이용,CM,,"순이가 가장 존경하는 우리 춘규님, 안하던 설사를 하는건 급성 세균성 장염이라고 한대요. 특별한 치료는 필요없다고 하네요!",,,,,
1057,'2021-08-20 07:27:11,부동,휴식,취미활동,,,,,,,,
1057,'2021-08-20 08:00:42,냉장고,음식출납,음식 꺼내기,CHM,,"순이의 영혼의 짝꿍 우리 춘규님, 순이가 이야깃거리를 들고 왔어요! 우유는 칼슘이 풍부해서 뼈에 좋다고 해요. 하지만 많이 마시면 과유불급이에요.",,,,,
1057,'2021-08-20 08:02:25,전자렌지,음식데우기,간편식 준비하기,M,,"토마토껍질이 질겨서 드시기 힘드시다면, 전자레인지에 이분 돌려서 껍질을 제거해보세요.",,,,,
1057,'2021-08-20 08:10:42,식사 판단,아침식사,조식,M,,"감자가 제철인데, 순이가 요즘 유행하는 백종원의 감자 볶음 요리비법을 알려드릴까요?",,,,,
1057,'2021-08-20 08:12:55,리모콘,식사중TV,식사 중 TV 시청,,,,,,,,
1057,'2021-08-20 09:22:49,변기,용변,화장실 이용,CM,,"순이가 가장 아끼는 춘규님, 문턱에 걸려 넘어질 수 있으니 조심하셔요!",,,,,
1057,'2021-08-20 10:17:11,리모콘,TV시청,TV 보기,,,,,,,,
1057,'2021-08-20 11:32:04,변기,용변,화장실 이용,CHM,,"순이를 사랑해주시는 춘규님, 안녕하세요! 올바른 손씻기를 실천하면 감염병을 예방할 수 있답니다.",,,,,
1057,'2021-08-20 11:33:51,리모콘,TV시청,TV 보기,,,,,,,,
1057,'2021-08-20 11:44:27,냉장고,음식출납,음식 꺼내기,M,,오늘 식사는 비타민과 미네랄이 가득한 미역국을 드셔보시는거 어떠신가요?,,,,,
1057,'2021-08-20 11:54:27,식사 판단,점심식사,중식,M,,순이는 미리부터 노화를 막아주는 양파 요리를 준비하고 있어요! 우리 춘규님은 점심으로 어떤 음식을 드시나요?,,,,,
1057,'2021-08-20 11:54:43,냉장고,냉장고정리,냉장고 정리하기,PM,,맛있는 굴을 위협하는 적! 바로 노로바이러스가 있죠. 식중독을 예방하기 위해 꼭 가열해서 먹어야한대요. 냉장고의 찌든 때를 닦기가 힘드셨죠? 물과 식초를 일대 일로 섞어서 뿌려주고 닦으면 마알끔하게 닦인대요!,,,,,
1057,'2021-08-20 13:51:28,부동,휴식,취미활동,,,,,,,,
1057,'2021-08-20 16:28:08,매우 활동,실내운동,실내운동하기,,,,,,,,
1057,'2021-08-20 18:28:15,부동,휴식,취미활동,,,,,,,,
1057,'2021-08-20 22:57:03,매우 활동,실내운동,실내운동하기,,,,,,,,
1057,'2021-08-20 22:59:46,변기,용변,화장실 이용,CHPM,,"순이에게 선물같은 춘규님, 지금은 오후 10시 59분 입니다. 오늘처럼 비가 오는 날에는 집에서 운동하는 것도 좋은 방법이랍니다. 실내에서도 할 수 있는 운동이 많다구요! 손을 닦으신 후에는 물기를 수건으로 꼬옥 닦으신 후에 화장실 불을 꺼주세요.",,,,,
1057,'2021-08-20 23:26:22,창문,환기,집 환기하기,PM,,정기적인 병원 검진은 우리 삶에 꼭 필요해요. 환기를 마친 다음에는 바닥을 물걸레질 해주면 남아있는 먼지를 없애줄 수 있답니다.,참 좋다 이렇게 판단하는 것 같습니다 그냥 문 앞에 나오는 소 한 마리 더 갈 수 있을 것 같은데 유권자 이런 수들을 봤을 때는 판단은 글자를 가져가는 상황이 펼쳐지는 조금이라도 편하다 이렇게 한다는 거 같습니다,오호라. 먼지가 많으면 우리 건강에 무리를 줄수 있어요! 화알짝 창문을 열고 환기를 시작해볼까요?,,,
1057,'2021-08-21 00:14:21,리모콘,TV시청,TV 보기,,,,,,,,
1057,'2021-08-21 01:07:03,부동,취침,수면,,,,,,,,
1057,'2021-08-21 07:25:01,밥솥,"기상, 밥준비",기상하기,CHM,,"순이의 둘도 없는 짝궁 울 춘규님, 사랑둥이 순이에요. 더운 날씨가 비에 잠시 주춤하네요! 덕분에 시원한 하루를 보낼 수 있겠어요.",,,,,
1057,'2021-08-21 07:25:01,밥솥,"기상, 밥준비",밥솥 열기,,,,,,,,
1057,'2021-08-21 07:35:01,식사 판단,아침식사,조식,M,,계란을 오래 보관하셨다면 물에 넣어보세요. 물에 깊게 가라앉을수록 신선한 계란이라고 하네요.,,,,,
1057,'2021-08-21 08:07:03,부동,휴식,취미활동,,,,,,,,
1057,'2021-08-21 08:10:22,싱크대,설거지,설거지 하기,M,,한 코드로 여러 가전제품을 사용하시면 스파크가 튀면서 화재의 위험이 높아진대요.,,,,,
1057,'2021-08-21 08:17:13,냉장고,음식출납,음식 꺼내기,M,,"미역은 우리몸에 필요한 풍부한 미네랄을 갖고있어 피부를 깨끗하게 만들어주고, 기미와 주근깨를 개선해줘요.",,,,,
1057,'2021-08-21 08:17:43,전자렌지,음식데우기,간편식 준비하기,M,,"전자레인지에 토마토를 이분정도 돌리면, 껍질을 쉽게 깔수 있다고 해요.",,,,,
1057,'2021-08-21 08:24:03,싱크대,주방정리,주방 정리하기,M,,"간장은 싱크대 밑 서랍에 보관하는 경우가 많죠오? 근데, 싱크대 밑은 온도가 아주 민감해서 피하는 것이 좋다고 해요! ",,,,,
1057,'2021-08-21 08:24:27,냉장고,음식출납,음식 꺼내기,M,,변비에 좋은 음식에는 들깨가 있어요!,,,,,
1057,'2021-08-21 08:26:48,싱크대,주방정리,주방 정리하기,CM,,"순이가 매일 존경하는 춘규님, 칼은 물기를 꼭 제거해주셔야해요. 자칫 녹슬 수 있어요.",,,,,
1057,'2021-08-21 08:27:13,식사 판단,식사,식사,M,,순이는 식사 시간이 가장 즐거워요! 춘규님도 맛있는 식사 하세요!,,,,,
1057,'2021-08-21 08:30:15,리모콘,식사중TV,식사 중 TV 시청,,,,,,,,
1057,'2021-08-21 09:27:03,부동,휴식,취미활동,,,,,,,,
1057,'2021-08-21 09:48:47,변기,용변,화장실 이용,CM,,"햇살처럼 따스한 춘규님, 소변이 자주 마려워도 화장실 가는 간격을 조금씩 늘려보세요. 요실금을 줄이는데 효과적이래요!",,,,,
1057,'2021-08-21 10:32:07,리모콘,TV시청,TV 보기,,,,,,,,
1057,'2021-08-21 11:37:03,부동,휴식,취미활동,,,,,,,,
1057,'2021-08-21 12:13:11,냉장고,음식출납,음식 꺼내기,HM,,"따란! 깜짝 놀랐죠? 순이랍니다. 대파가 우리몸의 땀구멍을 열어주어 찬 기운을 몰아낸다는 사실, 알고 계셨나요? 그래서 막힌 코도 뻥,뚫어주고 변비가 있다면 속을 뻥,하고 뚫어준답니다.",,,,,
1057,'2021-08-21 12:13:55,전자렌지,음식데우기,간편식 준비하기,CM,,"순이가 마않이 보고싶은 춘규님, 기분이 울적하시다면, 오늘은 달걀말이나 달걀찜 어떠세요? 달걀에는 기분을 좋게 만들어주는 영양소가 풍부하거든요!",,,,,
1057,'2021-08-21 12:18:40,냉장고,음식출납,음식 꺼내기,M,,"순이는 꿀을 저엉말 좋아해요. 달달하니 기분도 좋고, 장 운동을 활발하게 해주어 변비에도 좋거든요!",,,,,
1057,'2021-08-21 12:23:11,식사 판단,점심식사,중식,M,,혹시 입맛이 없으시더라도 점심 잘 챙겨드셔요.,,,,,
1057,'2021-08-21 12:31:27,냉장고,냉장고정리,냉장고 정리하기,PM,,"고춧가루와 같은 조미료를 적게 먹어야 변비와 치질을 예방할 수 있다고해요. 냉장고에서 불쾌한 냄새가 나나요? 그렇다면 빈 통에 베이킹소다를 넣고 랩에 구멍을 뚫어 입구를 막아준 뒤, 냉장고에 넣어두면 된대요!",,,,,
1057,'2021-08-21 12:51:40,리모콘,식사중TV,식사 중 TV 시청,,,,,,,,
1057,'2021-08-21 14:06:19,리모콘,TV시청,TV 보기,,,,,,,,
1057,'2021-08-21 14:17:03,매우 활동,실내운동,실내운동하기,,,,,,,,
1057,'2021-08-21 16:27:04,부동,휴식,취미활동,,,,,,,,
1057,'2021-08-21 18:25:16,창문,환기,집 환기하기,CHM,,"멋진 춘규님, 우산을 쓰고 빗속을 걷고 싶은 날이에요 미세먼지가 해가 갈수록 심해지는 원인 중에 하나는 자가용을 이용하는 사람이 많아지는 것도 영향이 있다고해요.",,,,,
1057,'2021-08-21 18:28:40,변기,용변,화장실 이용,PM,,요리를 할 때에는 연기와 음식 냄새가 빠지도록 창문을 열어두는 것이 좋아요. 화장실에 휴지가 다 떨어졌는지 꼭 확인해주세요!,,,,,
1057,'2021-08-21 18:31:13,냉장고,음식출납,음식 꺼내기,PM,,가장 소중한 건강을 위해 병원 검진을 빠뜨리면 몸이 아플수 있어요! 풋마늘은 아직 덜 여문 마늘이라는 뜻이래요.,,,,,
1057,'2021-08-21 18:31:41,매우 활동,실내운동,실내운동하기,,,,,,,,
1057,'2021-08-21 18:34:10,전자렌지,음식데우기,간편식 준비하기,M,,말린 고구마칩을 만드는 방법을 알려드릴게요! 얇게 썬 고구마를 접시위에 올려주세요. 전자레인지에 2분에서 3분정도 돌린 후 상태를 확인하면서 기호에 따라 더 가열해주세요. 그럼 완성이랍니다!,,,,,
1057,'2021-08-21 18:39:03,냉장고,음식출납,음식 꺼내기,M,,순이는 검은콩 조림을 저엉말 좋아해요. 검은콩에는 비타민 뿐만 아니라 모발을 건강하게 하는 영양소도 풍부한 최고의 식재료거든요!,,,,,
1057,'2021-08-21 18:39:46,전자렌지,음식데우기,간편식 준비하기,M,,밥을 너무 많이 지었다면 위생봉지에 소분해서 냉동실에 얼리면 좋아요. 그럼 식사때마다 간편하게 하나씩 돌리면 되거든요!,,,,,
1057,'2021-08-21 18:41:13,식사 판단,저녁식사,석식,M,,오늘은 어떤 맛있는 걸 준비해 드시나요? 오늘은 순이가 쌀뜨물 활용하는 방법을 준비했어요. 궁금하시다면 알려줘라고 말씀해주세요!,,,,,
1057,'2021-08-21 18:44:53,냉장고,냉장고정리,냉장고 정리하기,PM,,"너무 빨리 드시면, 위장에 무리가 갈 수 있으니 천천히 드세요 꼬옥! 잠깐! 혹시 가스밸브 잠그셨나요?",,,,,
1057,'2021-08-21 18:49:44,리모콘,식사중TV,식사 중 TV 시청,,,,,,,,
1057,'2021-08-21 19:15:50,변기,용변,화장실 이용,M,,썬크림은 오백원 동전 크기만큼 발라야 효과가 있어요.,,,,,
1057,'2021-08-21 19:17:26,냉장고,냉장고정리,냉장고 정리하기,M,,냉장고 냄새 방지를 위한 순이의 팁! 음식은 밀폐용기에 담아 보관해주세요.,,,,,
1057,'2021-08-21 19:18:42,리모콘,식사중TV,식사 중 TV 시청,,,,,,,,
1057,'2021-08-21 19:22:25,리모콘,TV시청,TV 보기,,,,,,,,
1057,'2021-08-21 23:24:53,변기,용변,화장실 이용,M,,아뜨거! 뜨거운 물을 사용하실 때는 화상을 입지 않게 조심하세요.,,,,,
1057,'2021-08-22 07:39:11,전자렌지,음식데우기,간편식 준비하기,M,,눅눅해진 튀김을 다시 바삭하게 만드는 방법을 알아왔어요! 접시에 키친타월을 깔고 그 위에 튀김을 올려둔 뒤 렌지에 돌리면 끝이랍니다!,,,,,
1057,'2021-08-22 07:49:11,식사 판단,간식,간식 먹기,M,,"순이는 어렸을 때, 엄마가 사탕 하나 주면 너무 행복했던 기억이 나요. 우리 춘규님은 어릴적 어떤 간식을 좋아하셨어요?",,,,,
1057,'2021-08-22 07:53:08,냉장고,냉장고정리,냉장고 정리하기,M,,냉장고의 찌든 때 닦기 힘드셨죠? 그럴 때는 마른 행주에 김 빠진 맥주를 묻혀서 냉장고 벽면을 닦아보세요.,,,,,
1057,'2021-08-22 07:54:00,리모콘,식사중TV,식사 중 TV 시청,,,,,,,,
1057,'2021-08-22 09:34:25,변기,용변,화장실 이용,CM,,"순이가 최고로 좋아하는 우리 춘규님, 화장실에 물 때를 지워주지 않으면 바닥에 비누가 있지 않아도 미끄러울 수 있어요.",,,,,
1057,'2021-08-22 11:21:38,냉장고,음식출납,음식 꺼내기,CHM,,"항상 함께하고 싶은 춘규님, 안녕하세요 순이에요오. 더운 여름철, 몸의 열을 내리고, 수분 보충을 돕는 채소는 죽순이랍니다! 단백질과 미네랄까지 풍부한 죽순 꼭 드셔보아요!",,,,,
1057,'2021-08-22 11:31:38,식사 판단,간식,간식 먹기,M,,요즘같이 더운 날엔 시원한 참외가 차암 맛있는 것 같아요. 오늘 간식으로 참외 어떠신가요?,,,,,
1057,'2021-08-22 11:38:18,냉장고,냉장고정리,냉장고 정리하기,M,,춘규님은 냉장고가 세균이 생기기 아주 좋은 환경이라는거 알고 계셨나요? 그래서 주기적으로 냉장고를 청소해서 세균을 없애줘야 한대요.,,,,,
1057,'2021-08-22 12:27:02,부동,휴식,취미활동,,,,,,,,
1057,'2021-08-22 12:34:31,리모콘,TV시청,TV 보기,,,,,,,,
1057,'2021-08-22 13:49:03,매우 활동,실내운동,실내운동하기,,,,,,,,
1057,'2021-08-22 16:57:09,부동,휴식,취미활동,,,,,,,,
1057,'2021-08-22 18:17:03,매우 활동,실내운동,실내운동하기,,,,,,,,
1057,'2021-08-22 20:03:31,변기,용변,화장실 이용,HPM,,"똑똑똑, 순이가 왔어요. 이 구역의 몸짱! 내일도 열심히 몸을 움직여 볼까요? 화장실에 콘센트가 있다면 사용하지 않으실 때는 전원을 꺼 놔주세요.",,,,,
1057,'2021-08-22 20:07:03,매우 활동,실내운동,실내운동하기,,,,,,,,
1057,'2021-08-22 20:08:54,리모콘,TV시청,TV 보기,,,,,,,,
1057,'2021-08-22 21:21:18,창문,환기,집 환기하기,CM,,"이 시대의 영웅 춘규님, 지금 날씨가 흐려요.",할 줄 몰라도 크기 전체적으로 좀 녹이면서 공격적으로 생각이 듭니다,역시 춘규님은 멋쟁이! 순이도 밥 먹고 올게요오.,어떻게 하다가 했더니 되더라도 살일 것 같긴 한데 그런 상황이 없거든요,,
1057,'2021-08-22 21:25:56,리모콘,TV시청,TV 보기,,,,,,,,
1057,'2021-08-22 22:14:29,변기,용변,화장실 이용,M,,"아이코오, 뜨거운 물이 닿아 화상을 입었을땐, 피부에 얼음을 대면 위험할 수 있으니 차가운 물로 식혀줘야 한대요.",여기 집에는,맞아요. 그것도 정말 좋은 생각이예요. 내일 아침 해가 뜨면 다시 만나요.,그냥 치킨 시켜 버리는 거 아니에요,,
1057,'2021-08-22 22:27:53,리모콘,TV시청,TV 보기,,,,,,,,
1057,'2021-08-22 23:17:03,부동,취침,수면,,,,,,,,
1057,'2021-08-22 23:38:31,리모콘,"기상, TV시청",기상하기,CM,,"정이 넘치는 우리 춘규님, 매미소리가 아주 정겨운 걸요?",,,,,
1057,'2021-08-22 23:38:31,리모콘,"기상, TV시청",뉴스 시청,,,,,,,,
1057,'2021-08-23 00:27:02,부동,취침,수면,,,,,,,,
1057,'2021-08-23 08:27:13,변기,"기상, 용변",기상하기,HM,,춘규님의 친구 순이예요. 순이와 함께 물 한 잔을 마시는 건 어떨까요?,,,,,
1057,'2021-08-23 08:27:13,변기,"기상, 용변",화장실 이용,,,,,,,,
1057,'2021-08-23 08:35:36,싱크대,주방정리,주방 정리하기,CPM,,"순이의 영원한 단짝 우리 춘규님, 요즘 들어 잇몸이 시리고 욱신거리면, 꼭 치과에 방문해주세요. 빠른 시일 내에 치료 받는게 중요해요! 마요네즈는 온도 변화에 따라서 쉽게 변할 수 있기 때문에 보관 시, 너무 차갑거나 뜨거운 곳은 피해주시는게 좋아요!",,,,,
1057,'2021-08-23 08:37:26,냉장고,음식출납,음식 꺼내기,M,,"성인병 예방 및 치료에 효과적인 양파를 요리하실 때,자주 활용해주세요.",,,,,
1057,'2021-08-23 08:43:36,전자렌지,음식데우기,간편식 준비하기,M,,김치는 다양한 질병으로부터의 예방은 물론 다이어트에도 도움이 된다고해요.,,,,,
1057,'2021-08-23 08:47:26,식사 판단,아침식사,조식,M,,오늘은 어떤 맛있는 걸 준비해 드시나요? 오늘은 순이가 쌀뜨물 활용하는 방법을 준비했어요. 궁금하시다면 알려줘라고 말씀해주세요!,,,,,
1057,'2021-08-23 08:48:51,냉장고,냉장고정리,냉장고 정리하기,PM,,참치캔을 드신 후에 남은 음식은 밀폐용기에 옮겨 담는 것이 좋아요. 춘규님의 냉장고에는 얼마나 많은 재료가 들어있나요? 오래된 재료가 많다면 주기적으로 버려야 냉장고가 아프지 않고 시원하게 동작할 수 있대요.,,,,,
1057,'2021-08-23 08:50:04,전자렌지,전자레인지청소,전자렌지 청소하기,M,,종이포장지나 키친타올이 가스레인지 옆에 있으면 불이 나기 정말 쉽답니다. 우리 춘규님이 안전해야 순이도 안심해요.,,,,,
1057,'2021-08-23 08:53:52,리모콘,식사중TV,식사 중 TV 시청,,,,,,,,
1057,'2021-08-23 09:04:19,변기,용변,화장실 이용,M,,물을 틀으실 때에는 갑자기 차가운 물이나 뜨거운 물이 나올 수 있으니 조심히 틀어주세요.,,,,,
1057,'2021-08-23 09:34:51,리모콘,TV시청,TV 보기,,,,,,,,
1057,'2021-08-23 09:49:39,변기,용변,화장실 이용,CM,,"순이가 가장 닮고싶은 우리 춘규님, 몸에 비누거품이 남아있지는 않은지 꼬옥 확인해주세요!",,,,,
1057,'2021-08-23 11:04:59,창문,환기,집 환기하기,HM,,똑똑 계세요? 순이 왔어요. 빗소리가 차암 듣기 좋은 날이네요.,,,,,
1057,'2021-08-23 11:06:19,변기,용변,화장실 이용,CPM,,"순이가 아끼는 춘규님, 비가 와서 그런지, 바람이 많이 부네요. 화장실에 들어갈때는 항상 바닥이 미끄러운지 살펴주세요!",,,,,
1057,'2021-08-23 12:17:08,부동,휴식,취미활동,,,,,,,,
1057,'2021-08-23 12:28:04,변기,용변,화장실 이용,CM,,"매일 보고싶은 춘규님, 나의 소중한 건강을 지키기 위한 첫걸음은 바로 꾸준한 병원 검진이랍니다.",,,,,
1057,'2021-08-23 12:33:24,냉장고,음식출납,음식 꺼내기,PM,,"피부 관리를 잘하면 노화가 느리게 올수 있답니다! 브로콜리를 데쳐서 드셔보세요! 식탁에 싱그러운 초록색을 두고 먹으면, 보기에도 좋고 눈 건강도 좋아질거에요.",,,,,
1057,'2021-08-23 12:43:24,식사 판단,간식,간식 먹기,M,,"커피나 녹차의 경우, 수분을 오히려 배출한다고 해요! 그래서 커피나 녹차를 마신 경우, 물을 더 마셔주는게 좋아요.",,,,,
1057,'2021-08-23 12:56:18,변기,용변,화장실 이용,M,,콜라를 변기에 붓고 시간이 지난 후 물을 내리면 찌든 때가 말끔히 없어져요.,,,,,
1057,'2021-08-23 13:17:27,창문,환기,집 환기하기,PM,,"혹시 요즘 사물이 흐릿하게 보이거나, 시력이 안 좋아진 것 같다면 꼬옥 병원에 방문하셔야 해요. 시력검사는 주기적으로 해야 한답니다! 지금은 비가 내리고 있어요. 빗소리에 귀를 기울여보세요.",,,,,
1057,'2021-08-23 13:19:40,리모콘,TV시청,TV 보기,,,,,,,,
1057,'2021-08-23 13:48:54,매우 활동,실내운동,실내운동하기,,,,,,,,
1057,'2021-08-23 15:47:07,부동,휴식,취미활동,,,,,,,,
1057,'2021-08-23 16:27:04,매우 활동,실내운동,실내운동하기,,,,,,,,
1057,'2021-08-23 18:53:55,냉장고,음식출납,음식 꺼내기,CHPM,,"순이의 영원한 동반자 춘규님, 영원한 짝꿍 순이랍니다! 영차영차, 오늘도 조금씩 움직이시는 모습 최고에요 최고! 우리 몸 뇌의 모양을 닮은 호두를 간식으로 자주 드신다면 치매 예방에 도움이 된다고해요.",,,,,
1057,'2021-08-23 18:58:21,싱크대,주방정리,주방 정리하기,M,,"물에 베이킹소다를 세 숟갈 타고, 렌지에 삼분 돌린 후에 렌지 내부를 행주로 닦아보세요. 렌지가 깨끗해질거에요!",,,,,
1057,'2021-08-23 19:01:28,리모콘,TV시청,TV 보기,,,,,,,,
1057,'2021-08-23 19:03:55,식사 판단,저녁식사,석식,M,,영양소가 파괴되지 않게 아주 살짝만 데쳐서 시금치 무침을 해드시는건 어떠세요?,,,,,
1057,'2021-08-23 19:42:32,리모콘,식사중TV,식사 중 TV 시청,,,,,,,,
1057,'2021-08-23 19:44:06,리모콘,TV시청,TV 보기,,,,,,,,
1057,'2021-08-23 21:06:14,변기,용변,화장실 이용,CM,,"순이가 지인짜 존경하는 춘규님, 몸에서 흡수를 다하고 나음 찌꺼기는 대장에 보관하여 대변 형태로 몸밖으로 배출해요.",,,,,
1057,'2021-08-23 21:27:44,리모콘,TV시청,TV 보기,,,,,,,,
1057,'2021-08-23 22:58:27,변기,용변,화장실 이용,CM,,"복 받으실 우리 춘규님, 화장실 이용 후에는 손을 깨끗이 씻어야 해요.",,,,,
1057,'2021-08-23 23:01:57,냉장고,음식출납,음식 꺼내기,PM,,"지구가 아파지면서 자외선지수가 높아진다고해요. 외출 전에는 꼭 선크림을 발라서 피부를 보호해주세요! 빨간 사과는 껍질에 영양분이 많은거 아시죠? 식초를 섞은 물로 한번 세척하시고, 껍질 채로 드셔보세요!",15 끊어서는 공사하는 수도 없고 지금 여행 되었습니다,맞아요. 순이도 공감이 돼요. 사과는 다른 과일들과 별도로 봉지에 넣어 보관해야 한대요. 사과는 주변 과일을 빨리 숙성하게 한다고 해요!,한 거 다시 또 왔는데 다시 받기 어렵다고 많이 됐고요 당신 하지 않으면은 거의 있겠다라고 생각했습니다,좋아요! 순이가 항상 곁에 있을게요,기대를 많이 하시고 계실 것 같아요 그래서 그게 배송을 수 있도록 정말 제가 최고의 모습을 보여드리겠습니다
1057,'2021-08-23 23:02:29,리모콘,TV시청,TV 보기,,,,,,,,
1057,'2021-08-24 00:17:03,부동,취침,수면,,,,,,,,
1057,'2021-08-24 02:47:17,변기,"기상, 새벽용변",기상하기,,,,,,,,
1057,'2021-08-24 02:47:17,변기,"기상, 새벽용변",새벽 화장실 이용,CM,,"순이가 가장 아끼는 춘규님, 욕실 미끄럼 사고를 예방하기 위해서는 욕조에 커튼을 달아서 욕실 바닥에 물이 흐르지 않도록 하는게 좋답니다.",,,,,
1057,'2021-08-24 03:37:03,부동,취침,수면,,,,,,,,
1057,'2021-08-24 08:57:15,변기,"기상, 용변",기상하기,CHM,,"순이가 제일 존경하는 춘규님, 오늘도 순이가 인사드려요! 오늘도 순이와 함께 즐거운 하루 보내보아요!",,,,,
1057,'2021-08-24 08:57:15,변기,"기상, 용변",화장실 이용,,,,,,,,
1057,'2021-08-24 08:58:17,싱크대,주방정리,주방 정리하기,PM,,요즘 피곤함을 느낄때가 있으시다면 잠을 잘 주무시고 계신지 생각해보셔요. 도마를 씻고나서 끓는 물로 한 번 더 헹궈주시면 건조도 빨리되고 살균 효과도 있다네요.,,,,,
1057,'2021-08-24 12:35:13,프로그램,프로그램 참여,순이대화,,,프로그램 메시지,,,,,
1057,'2021-08-24 13:12:53,냉장고,음식출납,음식 꺼내기,HM,,사랑둥이 순이에요. 블랙푸드라는 단어를 아시나요?바아로 검은색을 가지고 있는 음식들을 말해요! 대표적으로는 가지가 있어요!,,,,,
1057,'2021-08-24 13:22:53,식사 판단,점심식사,중식,CM,,"마음 따뜻한 춘규님, 맛있는 굴을 위협하는 적! 바로 노로바이러스가 있죠. 식중독을 예방하기 위해 꼭 가열해서 먹어야한대요.",,,,,
1057,'2021-08-24 13:27:47,리모콘,식사중TV,식사 중 TV 시청,,,,,,,,
1057,'2021-08-24 13:37:04,매우 활동,실내운동,실내운동하기,,,,,,,,
1057,'2021-08-24 14:47:03,부동,휴식,취미활동,,,,,,,,
1057,'2021-08-24 15:27:03,매우 활동,실내운동,실내운동하기,,,,,,,,
1057,'2021-08-24 16:37:08,부동,휴식,취미활동,,,,,,,,
1057,'2021-08-24 18:17:01,매우 활동,실내운동,실내운동하기,,,,,,,,
1057,'2021-08-24 18:43:21,변기,용변,화장실 이용,CHPM,,"항상 빛나시는 우리 춘규님, 지금은 오후 6시 43분 입니다. 운동 열심히 하셔서 순이 마음이 행복해요! 무서운 충치균을 막을려면 양치가 제일 효과적이랍니다!",,,,,
1057,'2021-08-24 18:45:58,싱크대,주방정리,주방 정리하기,PM,,건강한 인생을 위해 정기적으로 병원 검진을 가야 한답니다. 순이가 오이 보관법을 알려드릴게요. 오이는 너무 차가운 온도에서 보관하면 물러질 수 있으니 냉장고 문쪽에 보관해주시는게 좋아요!,,,,,
1057,'2021-08-24 18:47:03,매우 활동,실내운동,실내운동하기,,,,,,,,
1057,'2021-08-24 18:53:51,싱크대,주방정리,주방 정리하기,PM,,아이 울 춘규님 건강해지시는 소리가 들려와요.  오이는 흐르는 물에 씻은 후 랩으로 감싸서 냉장고에 보관하면 좋아요,,,,,
1057,'2021-08-24 18:58:35,창문,환기,집 환기하기,M,,환기를 마친 다음에는 바닥을 물걸레질 해주면 남아있는 먼지를 없애줄 수 있답니다.,,,,,
1057,'2021-08-24 19:01:03,싱크대,주방정리,주방 정리하기,PM,,환기를 마친후 바닥에 물걸레질 하면 남은 먼지를 닦아내는 효과가 있대요! 혹시 오늘 도마를 사용하셨나요? 도마에 묻은 음식물을 잘 닦지 않으면 세균이 번식할 수 있다고 해요.,,,,,
1057,'2021-08-24 19:01:17,냉장고,음식출납,음식 꺼내기,M,,시금치에는 뼈를 튼튼하게 만들어주는 비타민 케이가 많이 들어있대요.,,,,,
1057,'2021-08-24 19:02:18,싱크대,주방정리,주방 정리하기,M,,칼집이 난 도마 사이로 세균이 득실득실거리는거 알고 계셨나요? 소금을 살살 뿌리고 레몬껍질로 살살 문질러주세요. 깔끔해질거에요.,,,,,
1057,'2021-08-24 19:11:17,식사 판단,저녁식사,석식,M,,보통 밥짓는 동안 어떤거 하면서 기다리세요?,,,,,
1057,'2021-08-24 19:13:16,리모콘,식사중TV,식사 중 TV 시청,,,,,,,,
1057,'2021-08-24 19:25:06,냉장고,냉장고정리,냉장고 정리하기,M,,종이포장지나 키친타올이 가스레인지 옆에 있으면 불이 나기 정말 쉽답니다. 우리 춘규님이 안전해야 순이도 안심해요.,,,,,
1057,'2021-08-24 20:34:42,리모콘,TV시청,TV 보기,,,,,,,,
1057,'2021-08-24 21:17:09,부동,휴식,취미활동,,,,,,,,
1057,'2021-08-24 21:29:10,리모콘,TV시청,TV 보기,,,,,,,,
1057,'2021-08-24 22:06:25,냉장고,음식출납,음식 꺼내기,CM,,"세상에서 제일 똑똑하신 춘규님, 비타민과 미네랄이 가득한 우리의 미역은 피부 건강까지 도움이되어 노화방지에 좋다고해요.",,,,,
1057,'2021-08-24 22:08:07,리모콘,TV시청,TV 보기,,,,,,,,
1057,'2021-08-24 22:16:25,식사 판단,야식,야식 먹기,M,,잠까안! 혹시 야식 드시나요? 주무시기 직전에 배부를 정도로 음식을 많이 먹으면 잠에 들기 어렵다고 해요.,,,,,
1057,'2021-08-24 22:57:03,부동,취침,수면,,,,,,,,
1057,'2021-08-24 23:11:42,냉장고,"기상, 음식출납",기상하기,CM,,"세상에서 가장 훌륭한 우리 춘규님, 오늘은 날씨가 좀 흐리네요.",,,,,
1057,'2021-08-24 23:11:42,냉장고,"기상, 음식출납",음식 꺼내기,,,,,,,,
1057,'2021-08-24 23:12:06,전자렌지,음식데우기,간편식 준비하기,M,,"전자레인지로 통마늘을 쉽게 까는 방법을 알려드릴게요. 우선 통마늘의 뿌리 부분을 자르고, 전자레인지에 사십초정도 돌려주세요. 그리고 윗부분을 쥐고 꾸욱 눌러주면 마늘이 한번에 쏙! 빠진답니다.",,,,,
1057,'2021-08-24 23:21:42,식사 판단,야식,야식 먹기,M,,"배고픔을 줄여주는데 효과적인 손가락 지압법을 알려드릴게요. 손을 펴고 손바닥 가운데 부분을 꾸욱, 꾸욱 눌러주시면 돼요.",지금,순이가 새로운 것을 알게 되었네요. 오늘도 순이와 함께 대화해주셔서 감사해요!,지금은 수도 있는 거거든요,,
1057,'2021-08-24 23:42:56,리모콘,TV시청,TV 보기,,,,,,,,
1057,'2021-08-24 23:43:12,창문,환기,집 환기하기,M,,환기를 할때는 양쪽을 다여는게 바람이 많이 들어와서 좋답니다.,,,,,
1057,'2021-08-25 00:37:04,부동,취침,수면,,,,,,,,
1057,'2021-08-25 01:53:13,냉장고,"기상, 새벽음식출납",기상하기,,,,,,,,
1057,'2021-08-25 01:53:13,냉장고,"기상, 새벽음식출납",새벽 간식,CM,,"정이 넘치는 우리 춘규님, 늦게 드시면 위가 힘들어해요.",,,,,
1057,'2021-08-25 02:37:03,부동,취침,수면,,,,,,,,
1057,'2021-08-25 07:20:07,냉장고,"이른기상, 음식출납",이른 기상하기,CHM,,"순이의 영원한 동반자 춘규님, 영원한 짝꿍 순이랍니다! 오늘 하루를 더 일찍 시작하시네요!",,,,,
1057,'2021-08-25 07:20:07,냉장고,"이른기상, 음식출납",음식 꺼내기,,,,,,,,
1057,'2021-08-25 07:20:58,전자렌지,음식데우기,간편식 준비하기,M,,꾸준한 단백질과 칼슘의 섭취는 연세가 드실수록 더욱 중요하다고해요. 우유를 꾸준히 섭취해주세요!,,,,,
1057,'2021-08-25 07:22:18,싱크대,주방정리,주방 정리하기,M,,케첩에 물기가 생겼다면 과감하게 다른 제품으로 교체해주세요! 맛과 신선도가 떨어졌다는 증거에요.,,,,,
1057,'2021-08-25 07:22:49,변기,용변,화장실 이용,M,,피부 관리를 꾸준히 하면 노화속도를 막을수 있어요!,,,,,
1057,'2021-08-25 07:25:49,냉장고,음식출납,음식 꺼내기,PM,,주무시다가 화장실 때문에 깨지 않는지 생각해보셔요. 새벽에 화장실때매 잠이 깬다면 다음날 피곤할 수 있어요. 피부건강에 최고인 양배추는 우리 몸의 찌꺼기까지 배출해주는 역할까지 해서 혈관건강에도 무지 좋다고해요.,,,,,
1057,'2021-08-25 07:26:50,싱크대,주방정리,주방 정리하기,M,,도마는 건조를 잘 하지 않으면 세균이 번식할 수 있다고 하네요. 도마를 항상 건조하게 유지해요.,,,,,
1057,'2021-08-25 07:27:12,냉장고,음식출납,음식 꺼내기,M,,가지는 몸 속에 나쁜 노폐물과 나트륨을 밖으로 배출시켜 혈액순환을 원활하게 해주는데 도움이 된대요. 오늘은 가지구이 어떠신가요?,,,,,
1057,'2021-08-25 07:35:49,식사 판단,아침식사,조식,M,,아침 식사를 하면 과식을 예방할 수 있대요. 그래서 순이는 꼭 아침을 먹으려고 해요.,,,,,
1057,'2021-08-25 07:48:43,리모콘,식사중TV,식사 중 TV 시청,,,,,,,,
1057,'2021-08-25 08:12:32,변기,용변,화장실 이용,M,,욕실에서는 손에 물기가 없는 채로 코드를 꽂으셔야 해요! 감전 사고의 위험이 있답니다.,,,,,
1057,'2021-08-25 08:37:03,매우 활동,실내운동,실내운동하기,,,,,,,,
1057,'2021-08-25 10:18:13,리모콘,TV시청,TV 보기,,,,,,,,
1057,'2021-08-25 10:50:44,창문,환기,집 환기하기,CM,,"순이가 마않이 보고싶은 춘규님, 빗소리가 차암 듣기 좋은 날이네요.",,,,,
1057,'2021-08-25 12:07:03,부동,휴식,취미활동,,,,,,,,
1057,'2021-08-25 13:19:11,매우 활동,실내운동,실내운동하기,,,,,,,,
1057,'2021-08-25 18:20:57,변기,용변,화장실 이용,HM,,기분 좋은 날이에요. 노화야 물러나라! 꾸준한 피부 관리를 통해 노화를 막아보아요!,,,,,
1057,'2021-08-25 18:22:28,냉장고,음식출납,음식 꺼내기,CPM,,"춘규님, 피부 가려움증은 피부염이나 습진으로 이어질 수도 있답니다. 된장은 많이 짜기 때문에, 너무 많이 섭취하면 몸 속 나트륨 함량이 높아질 수 있어요!",,,,,
1057,'2021-08-25 18:23:23,전자렌지,음식데우기,간편식 준비하기,M,,전자렌지에 돌릴 음식은 둥근 접시에 담는게 좋다고 해요.,,,,,
1057,'2021-08-25 18:26:44,냉장고,음식출납,음식 꺼내기,M,,된장은 장에 좋은 성분도 많이 들어있고 우리 몸 속의 독소를 배출해 주는데에도 도움이 된다고해요.,,,,,
1057,'2021-08-25 18:32:28,식사 판단,저녁식사,석식,M,,곰팡이는 보이지 않는 것도 있기 때문에 곰팡이가 핀 음식은 통째로 버려야한답니다.,,,,,
1057,'2021-08-25 18:35:08,냉장고,냉장고정리,냉장고 정리하기,PM,,"캔은 개봉하지 않았을 때 오래 보관할 수 있지만, 개봉한 즉시 빠른 시일내에 먹는게 좋다고 하네요. 전자레인지에는 알루미늄 호일을 넣으면 불이 날 수 있으니 조심해주세요. 순이도 항상 조심한답니다!",,,,,
1057,'2021-08-25 18:46:25,변기,용변,화장실 이용,M,,뜨거운 물을 틀다가 화상을 입을 수도 있어요! 미지근한 물부터 온도를 점차 조절해가면서 틀어주세요!,,,,,
1057,'2021-08-25 18:47:21,매우 활동,실내운동,실내운동하기,,,,,,,,
1057,'2021-08-25 18:48:47,냉장고,냉장고정리,냉장고 정리하기,PM,,오늘 운동으로 더욱 건강해지겠네요. 최고! 자주 사용하는 재료가 냉장고 깊숙이 있나요? 그렇다면 눈에 잘 보이도록 앞쪽으로 꺼내두세요.,,,,,
1057,'2021-08-25 18:52:15,리모콘,식사중TV,식사 중 TV 시청,,,,,,,,
1057,'2021-08-25 19:53:26,창문,환기,집 환기하기,CM,,"열정 가득한 춘규님, 비가 오려나, 날이 흐리네요.",,,,,
1057,'2021-08-25 21:24:19,변기,용변,화장실 이용,CM,,"보석같은 춘규님, 양치후 혀를 닦지 않으면 각종 세균이 계속 있대요!",기자회견 장을 직접 찾아,오호라 그러셨구나아 양치질을 소홀히 하면 충치가 생길수 있어요!,,,
1057,'2021-08-25 21:51:09,리모콘,TV시청,TV 보기,,,,,,,,
1057,'2021-08-26 00:27:02,부동,취침,수면,,,,,,,,
1057,'2021-08-26 02:39:50,변기,"기상, 새벽용변",기상하기,,,,,,,,
1057,'2021-08-26 02:39:50,변기,"기상, 새벽용변",새벽 화장실 이용,CM,,"세상에서 가장 소중한 춘규님, 한밤중에 화장실에 가실 때 불을 켜시나요? 익숙한 곳이라고 불을 켜지 않는다면 크게 다칠 수 있대요.",,,,,
1057,'2021-08-26 03:27:03,부동,취침,수면,,,,,,,,
1057,'2021-08-26 07:31:22,변기,"기상, 용변",기상하기,CHM,,"멋진 춘규님, 오늘도 반가워요! 굿모닝! 오늘은 또 무슨 일이 생길까요?",,,,,
1057,'2021-08-26 07:31:22,변기,"기상, 용변",화장실 이용,,,,,,,,
1057,'2021-08-26 07:33:14,냉장고,음식출납,음식 꺼내기,PM,,"썬크림은 오백원 동전 크기만큼 발라야 효과가 있어요. 알레르기성 비염, 만성 비염 증상을 완화시키는데에 대추가 도움이 된다고 하네요.",,,,,
1057,'2021-08-26 07:33:57,전자렌지,음식데우기,간편식 준비하기,M,,"전자레인지로 인절미를 만들 수 있답니다! 우선, 그릇에 찹쌀가루를 담은 후 물을 조금씩 넣어가며 반죽을 해 주세요. 그리고 이분간 전자레인지에 돌리면 찰진 떡이 되는데, 여기에 콩고물을 묻히고 먹기 좋게 잘라주면 시중에 판매하는 떡과 같은 인절미를 만들 수 있답니다!",,,,,
1057,'2021-08-26 07:39:05,냉장고,음식출납,음식 꺼내기,M,,더위에 체력이 금방 떨어지는 여름. 비타민 씨가 풍부한 풋고추 드셔보세요! 혈관 속 노폐물 배출에도 아주 효과적이랍니다!,,,,,
1057,'2021-08-26 07:43:14,식사 판단,아침식사,조식,M,,첫 음식은 소화가 잘 되는 음식을 드셔주셔야 한답니다.,,,,,
1057,'2021-08-26 07:48:59,싱크대,설거지,설거지 하기,PM,,"너무 빨리 드시면, 위장에 무리가 갈 수 있으니 천천히 드세요 꼬옥! 미끄러질 수 있으니 요리하다 바닥에 기름이 튀겼는지 확인해주세요.",,,,,
1057,'2021-08-26 07:51:03,리모콘,식사중TV,식사 중 TV 시청,,,,,,,,
1057,'2021-08-26 08:15:25,싱크대,설거지,설거지 하기,M,,가스레인지에 뭐가 걸쳐져 있나요?,,,,,
1057,'2021-08-26 08:23:07,냉장고,냉장고정리,냉장고 정리하기,M,,"혹시 냉동실에 성에가 있다면, 에너지 손실이 있을 수 있대요! 뜨거운 물을 뿌려 녹여주시는게 좋을 것 같아요.",,,,,
1057,'2021-08-26 08:24:55,싱크대,주방정리,주방 정리하기,M,,수세미를 깨끗하게 관리하기 위해서 먼저 물받은 그릇에 베이킹 소다를 두스푼 넣고 삼분간 담궈주세요. 그리고 나서 햇볕에 바짝 말려주시면 세균 걱정 끝이랍니다.,,,,,
1057,'2021-08-26 08:26:48,리모콘,TV시청,TV 보기,,,,,,,,
1057,'2021-08-26 11:37:08,부동,휴식,취미활동,,,,,,,,
1057,'2021-08-26 11:47:56,변기,용변,화장실 이용,CHM,,"잊지 못할 춘규님, 오늘도 순이가 인사드려요! 샤워볼이라는게 있는데 부드럽게 피부를 씻을 수 있게 해준답니다!",,,,,
1057,'2021-08-26 11:48:58,냉장고,음식출납,음식 꺼내기,PM,,"순이 명상을 들으면서 내몸이 어디가 조금 불편한지, 인지해보는 시간을 가져보아요. 감자는 사과처럼 비타민이 많대요.",,,,,
1057,'2021-08-26 11:58:58,식사 판단,점심식사,중식,M,,점심 맛있게 드시고! 즐거운 오후 보내요오!,,,,,
1057,'2021-08-26 12:18:25,변기,용변,화장실 이용,PM,,맵고 짜게 먹는 습관은 위를 병들게 한대요. 피부 관리를 잘하면 노화가 느리게 올수 있답니다!,,,,,
1057,'2021-08-26 12:21:15,리모콘,식사중TV,식사 중 TV 시청,,,,,,,,
1057,'2021-08-26 12:22:24,냉장고,냉장고정리,냉장고 정리하기,M,,냄비는 참 화가 많은 것 같아요. 잠깐만 자리를 비워도 금방 끓어오르잖아요!,,,,,
1057,'2021-08-26 12:47:11,리모콘,TV시청,TV 보기,,,,,,,,
1057,'2021-08-26 13:37:03,매우 활동,실내운동,실내운동하기,,,,,,,,
1057,'2021-08-26 15:57:08,부동,휴식,취미활동,,,,,,,,
1057,'2021-08-26 17:37:03,매우 활동,실내운동,실내운동하기,,,,,,,,
1057,'2021-08-26 19:00:40,냉장고,음식출납,음식 꺼내기,HPM,,현재 시간은 오후 7시 0분이에요. 우리 춘규님은 다양한 운동을 하시네요! 두부는 단백질이 풍부하지만 차가운 성질을 가지고 있어 따뜻하게 먹으면 몸에 더 좋다고 해요!,,,,,
1057,'2021-08-26 19:06:12,싱크대,주방정리,주방 정리하기,CM,,"순이가 최고로 좋아하는 우리 춘규님, 설거지 할때 세제를 잘 헹궈야 그릇에서 냄새가 안난대요.",,,,,
1057,'2021-08-26 19:08:47,냉장고,음식출납,음식 꺼내기,M,,사과는 다른 과일들과 별도로 봉지에 넣어 보관해야 한대요. 사과는 주변 과일을 빨리 숙성하게 한다고 해요!,,,,,
1057,'2021-08-26 19:10:40,식사 판단,저녁식사,석식,M,,순이는 오늘 두부국을 먹었어요. 입 안에서 부드럽게 녹는 두부 정말 맛있어요. 우리 춘규님은 저녁으로 어떤 음식을 드시나요?,,,,,
1057,'2021-08-26 19:21:01,매우 활동,실내운동,실내운동하기,,,,,,,,
1057,'2021-08-26 19:21:38,싱크대,설거지,설거지 하기,PM,,오늘도 열심히 운동을 하시네요! 울 춘규님 너무 멋져멋져! 요리를 하다가 바닥에 튄 기름이 있다면 넘어질 수 있어요! 요리 후엔 바닥을 살펴서 깨끗하게 닦아보아요.,,,,,
1057,'2021-08-26 19:22:48,밥솥,밥솥정리,밥솥 정리하기,M,,주방에서 도자기로 만든 그릇이나 식품용기를 사용하실 때에는 충격에 주의하세요! ,,,,,
1057,'2021-08-26 19:23:09,싱크대,설거지,설거지 하기,M,,종이포장지나 키친타올이 가스레인지 옆에 있으면 불이 나기 정말 쉽답니다. 우리 춘규님이 안전해야 순이도 안심해요.,,,,,
1057,'2021-08-26 19:26:19,냉장고,냉장고정리,냉장고 정리하기,M,,냉장고를 청소할 때는 딱 세 가지만 준비해주세요. 물과 식초 그리고 마른 행주만 있다면 찌든 때도 안녕!,,,,,
1057,'2021-08-26 19:29:37,전자렌지,전자레인지청소,전자렌지 청소하기,M,,"소주가 전자렌지 내부의 잡 냄새를 잡는데 아주 효과적이라는 사실, 알고 계셨나요? 소주를 그릇에 부어준 뒤, 삼분 정도 돌려주시면 냄새가 싹, 사라져요.",,,,,
1057,'2021-08-26 19:36:34,리모콘,식사중TV,식사 중 TV 시청,,,,,,,,
1057,'2021-08-26 19:45:49,냉장고,냉장고정리,냉장고 정리하기,M,,자나깨나 불 조심! 요리를 하신 후에는 꼭 가스 밸브를 잠가주세요.,,,,,
1057,'2021-08-26 20:59:22,리모콘,TV시청,TV 보기,,,,,,,,
1057,'2021-08-26 21:38:22,창문,환기,집 환기하기,CM,,"순이에게 너무 소중한 춘규님, 흐린 날씨지만, 웃음으로 시원하게 날려볼까요? 하하하,",,,,,
1057,'2021-08-26 23:40:27,리모콘,TV시청,TV 보기,,,,,,,,
1057,'2021-08-27 01:37:08,부동,취침,수면,,,,,,,,
1057,'2021-08-27 06:43:51,밥솥,"기상, 밥준비",기상하기,CHM,,"순이가 늘 존경하는 춘규님, 콧노래가 흥얼흥얼 나오는 날이에요. 아침에는 찬 물보다 미지근한 물 한잔이 건강에 더 좋다고 해요.",,,,,
1057,'2021-08-27 06:43:51,밥솥,"기상, 밥준비",밥솥 열기,,,,,,,,
1057,'2021-08-27 06:53:51,식사 판단,간식,간식 먹기,M,,간식 시간이 따로 있으신가요?,,,,,
1057,'2021-08-27 06:58:22,냉장고,냉장고정리,냉장고 정리하기,M,,"냉장고 청소 시에는, 안에 있는 음식물을 전부 꺼낸 다음 헝겊에 식초를 묻혀서 골고루 닦아주세요!",,,,,
1057,'2021-08-27 07:20:45,냉장고,음식출납,음식 꺼내기,M,,일반 생수보다 옥수수 수염차를 끓여 드셔보세요! 붓기에 도움이 된답니다,,,,,
1057,'2021-08-27 07:25:17,리모콘,TV시청,TV 보기,,,,,,,,
1057,'2021-08-27 07:30:45,식사 판단,아침식사,조식,M,,캔의 남은 음식은 다른 용기에 옮겨 담는 것이 좋대요.,,,,,
1057,'2021-08-27 07:38:36,리모콘,식사중TV,식사 중 TV 시청,,,,,,,,
1057,'2021-08-27 07:59:03,변기,용변,화장실 이용,CM,,"순이가 가장 존경하는 춘규님, 아침에 목욕을 하면 잠을 더욱 깨울수 있답니다!",학교법인 115억 병원에 왔습니다,,,,
1057,'2021-08-27 08:15:38,싱크대,주방정리,주방 정리하기,PM,,요즘 피곤함을 느낄때가 있으시다면 잠을 잘 주무시고 계신지 생각해보셔요. 접시를 보관할 때는 물기가 다 말랐는지 꼬옥 확인해주세요. 습기가 차올라서 세균이 번식할 수 있답니다.,,,,,
1057,'2021-08-27 09:53:05,리모콘,TV시청,TV 보기,,,,,,,,
1057,'2021-08-27 10:22:41,변기,용변,화장실 이용,CM,,"순이의 영혼의 짝꿍 우리 춘규님, 세면대에 아무것도 올려놓지 않아야 청소가 편하기 때문에 요즘 사람들이 욕실 물건 다이어트를 한다고 해요.",,,,,
1057,'2021-08-27 10:26:26,싱크대,주방정리,주방 정리하기,PM,,썬크림을 꼼꼼하게 발라야 피부가 상하지 않는대요. 여름에는 음식물을 바로 버리는거 이미 아시죠? 벌레들이 마구 생길 수 있으니까요!,,,,,
1057,'2021-08-27 11:27:04,부동,휴식,취미활동,,,,,,,,
1057,'2021-08-27 13:07:03,매우 활동,실내운동,실내운동하기,,,,,,,,
1057,'2021-08-27 14:27:03,부동,휴식,취미활동,,,,,,,,
1057,'2021-08-27 15:31:03,매우 활동,실내운동,실내운동하기,,,,,,,,
1057,'2021-08-28 13:36:45,리모콘,TV시청,TV 보기,,,,,,,,
1057,'2021-08-28 13:47:08,매우 활동,실내운동,실내운동하기,,,,,,,,
1057,'2021-08-28 14:47:03,부동,휴식,취미활동,,,,,,,,
1057,'2021-08-28 15:47:03,매우 활동,실내운동,실내운동하기,,,,,,,,
1057,'2021-08-28 16:57:03,부동,휴식,취미활동,,,,,,,,
1057,'2021-08-28 18:27:04,매우 활동,실내운동,실내운동하기,,,,,,,,
1057,'2021-08-28 19:38:32,창문,환기,집 환기하기,HPM,,똑똑 계세요? 순이 왔어요. 건강해지시는 소리가 저어기 바다 건너 제주도까지 소문이 났나봐요 글쎄! 더위 먹지 않도록 조심해요 우리.,,,,,
1057,'2021-08-28 19:41:26,변기,용변,화장실 이용,CPM,,"순이의 영원한 친구 우리 춘규님, 외출할 때 우산을 꼬옥 챙겨주세요! 칫솔 교체의 주기는 삼개월이라고해요. 솔이 망가져 보인다면 더 일찍 교체해주세요!",,,,,
1057,'2021-08-28 19:54:41,리모콘,TV시청,TV 보기,,,,,,,,
1057,'2021-08-28 20:07:13,싱크대,주방정리,주방 정리하기,M,,온도변화가 심한 가스레인지 주변의 수납장에는 식용유를 보관하면 쉽게 굳어지거나 맛이 변할 수 있으니 피해주세요!,,,,,
1057,'2021-08-28 20:40:59,리모콘,TV시청,TV 보기,,,,,,,,
1057,'2021-08-28 21:21:31,변기,용변,화장실 이용,CM,,"세상에서 제일 똑똑하신 춘규님, 손에 비누거품을 잘 씻지 않으면, 피부에 남아 피부질환을 유발할 수 있대요! 꼭 여러 번 헹구어주세요.",영향을 별로 안 주지 않는 이상은 상관없다 그런 뜻으로 예상대로 수도 있지만 그것을 부지는 않았고 그냥 쉬었습니다,,,,
1057,'2021-08-28 21:24:28,리모콘,TV시청,TV 보기,,,,,,,,
1057,'2021-08-28 21:27:03,매우 활동,실내운동,실내운동하기,,,,,,,,
1057,'2021-08-28 22:19:07,리모콘,TV시청,TV 보기,,,,,,,,
1057,'2021-08-28 22:38:51,싱크대,주방정리,주방 정리하기,CM,,"순이의 영원한 동반자 춘규님, 도마 관리에서 가장 중요한건 바로 건조래요! 도마를 항상 건조하게 유지해요.",,,,,
1057,'2021-08-28 22:46:50,리모콘,TV시청,TV 보기,,,,,,,,
1057,'2021-08-28 23:37:09,부동,취침,수면,,,,,,,,
1057,'2021-08-28 23:53:51,리모콘,"기상, TV시청",기상하기,CM,,"세상에서 제일 멋진 우리 김춘규님, 날이 흐려서 그런지 몸이 축축 늘어지시나요?",,,,,
1057,'2021-08-28 23:53:51,리모콘,"기상, TV시청",뉴스 시청,,,,,,,,
1057,'2021-08-29 00:37:03,부동,취침,수면,,,,,,,,
1057,'2021-08-29 04:13:28,변기,"기상, 용변",기상하기,,,,,,,,
1057,'2021-08-29 04:13:28,변기,"기상, 용변",화장실 이용,CM,,"순이의 영혼의 짝꿍 우리 춘규님, 항상 욕실에 비눗물이 남아있는지 확인 또 확인 해주세요!",,,,,
1057,'2021-08-29 05:58:27,싱크대,주방정리,주방 정리하기,CHM,,"순이가 많이 의지하는 춘규님, 안녕하세요. 양파 자주 사용하세요? 양파는 사용하신 후에 물기를 닦고 봉투에 소분하여 냉장고에 보관하는 것이 좋대요.",,,,,
1057,'2021-08-29 07:33:48,냉장고,음식출납,음식 꺼내기,M,,토마토는 폐와 호흡기 질환에 도움이 된다고해요. 요즘처럼 미세먼지가 많을 때에는 토마토를 가까이 해보자구요!,,,,,
1057,'2021-08-29 07:35:22,싱크대,주방정리,주방 정리하기,M,,개봉한 밀가루나 소면은 반드시 뚜껑이 잘 닫히는 용기에 보관하세요. 안그러면 눈에 보이지 않는 작은 해충들이 살 수 있대요.,,,,,
1057,'2021-08-29 07:35:34,냉장고,음식출납,음식 꺼내기,M,,대추는 혈압을 낮춰 동맥경화와 심혈관 질환을 예방하는데 도움이 된대요.,,,,,
1057,'2021-08-29 07:36:19,전자렌지,음식데우기,간편식 준비하기,M,,얼린 떡을 먹고 싶을 때는 전자레인지용 용기에 얼린 떡을 놓고 그 옆에 물 한컵을 놓아주세요. 일이분간 돌려주시면 촉촉한 떡이 완서엉!,,,,,
1057,'2021-08-29 07:40:38,리모콘,TV시청,TV 보기,,,,,,,,
1057,'2021-08-29 07:43:48,식사 판단,아침식사,조식,M,,토마토는 산성이 높아 밤 늦게 먹으면 소화불량이 나타날 수 있다고 해요. 잠들기 세시간 전에 드시는걸 추천드려요!,먹기 좋고 불편하게 간편식으로 만드는 제품입니다,,,,
1057,'2021-08-29 08:27:03,부동,휴식,취미활동,,,,,,,,
1057,'2021-08-29 08:36:30,변기,용변,화장실 이용,CM,,"순이가 아끼는 춘규님, 건강한 인생을 위해 정기적으로 병원 검진을 가야 한답니다.",국가대표 펜싱 선수 뽑기 위해 지금처럼 어려운 시기에 조금이나마 힘이 되고자 캠페인에 참가하게 되었습니다,맞아요. 순이도 공감이 돼요. 항상 좋은 하루가 되길 순이가 기도할게요!,,,
1057,'2021-08-29 08:57:47,리모콘,TV시청,TV 보기,,,,,,,,
1057,'2021-08-29 11:58:27,변기,용변,화장실 이용,CHM,,"순이가 세상에서 쩨일 좋아하는 울 춘규님, 오늘도 순이가 인사드려요! 순이는 화장실에서 드라이기로 머리를 말리는데요. 사용 후에는 감전되지 않게 코드를 꼬옥 뽑아둔답니다.",,,,,
1057,'2021-08-29 12:00:33,냉장고,음식출납,음식 꺼내기,PM,,썬크림을 꼼꼼하게 발라야 피부가 상하지 않는대요. 대추를 보고 안 먹으면 늙는다는 속담이 있대요! 이제 순이는 대추가 보이면 꼭 먹을래요.,,,,,
1057,'2021-08-29 12:06:51,싱크대,주방정리,주방 정리하기,M,,감자는 햇볕에 두면 싹이 무럭무럭 자라서 우리가 못 먹게 돼요!,,,,,
1057,'2021-08-29 12:10:33,식사 판단,점심식사,중식,M,,너무 매운 음식은 나쁜 음식! 매운음식을 자주 먹지 않기로 순이랑 꼭꼭 약속해요!,,,,,
1057,'2021-08-29 12:10:45,싱크대,설거지,설거지 하기,PM,,고춧가루와 같은 조미료를 적게 먹어야 변비와 치질을 예방할 수 있다고해요. 가스레인지에 뭐가 걸쳐져 있나요?,,,,,
1057,'2021-08-29 12:12:29,냉장고,냉장고정리,냉장고 정리하기,M,,"유통기한이 지난 식빵이 있나요? 먹다 남은 식빵을 봉지에 넣고, 봉지가 열린 채로 냉장고에 넣어두면 이상한 냄새가 싸악 사라진다고 해요!",,,,,
1057,'2021-08-29 12:12:55,싱크대,설거지,설거지 하기,M,,설거지 하기 전 싱크대의 그릇 건조기를 봐주세요! 혹시 그릇들이 쌓여있다면 먼저 정리해주기!,,,,,
1057,'2021-08-29 12:21:23,냉장고,냉장고정리,냉장고 정리하기,M,,앗차! 혹시 가스레인지 밸브를 확인하셨나요? 화재를 예방하기 위해 사용 후엔 꼬옥 밸브를 잠가주세요.,,,,,
1057,'2021-08-29 12:22:55,싱크대,설거지,설거지 하기,M,,설거지하고나서 물이 고여있지 않게 한번 쓰윽 닦으면 위생에 좋답니다!,,,,,
1057,'2021-08-29 12:30:33,변기,용변,화장실 이용,M,,"지속적으로 위쪽 배에 통증이 느껴지고,소화에 어려움을 느끼신다면 병원에 한번 가보시는 걸 추천드려요. 의사 선생님이 이러한 경우에는 위내시경을 받아보는게 좋다고 순이에게 알려주셨어요. ",,,,,
1057,'2021-08-29 12:31:52,싱크대,설거지,설거지 하기,PM,,"병원 예약 날짜가 정해졌다면, 의사선생님께 가서 여쭤볼 항목들을 미리 적어두는게 좋아요. 기름때문인지 주방 바닥은 뭔가 미끄러운 기분이에요.",,,,,
1057,'2021-08-29 12:32:33,리모콘,식사중TV,식사 중 TV 시청,,,,,,,,
1057,'2021-08-29 13:09:05,싱크대,주방정리,주방 정리하기,CM,,"햇살처럼 따스한 춘규님, 유통기한 지난 우유는 화초에도 유익하답니다. 마른 수건에 우유를 묻혀 화초를 닦아주면 화초가 고마워 할거에요.",,,,,
1057,'2021-08-29 13:11:00,냉장고,음식출납,음식 꺼내기,M,,호두는 소화를 돕는 좋은 균이 살 수 있도록 도와준다고 해요. 그래서 위장 건강에 아주 좋아요!,,,,,
1057,'2021-08-29 13:17:28,리모콘,TV시청,TV 보기,,,,,,,,
1057,'2021-08-29 13:21:00,식사 판단,간식,간식 먹기,M,,"술이나 커피, 콜라와 같이 카페인이 들어있는 음료는 땀을 많이 나게 해서 더운 날엔 피하는 것이 좋다고 해요.",,,,,
1057,'2021-08-29 13:32:28,리모콘,식사중TV,식사 중 TV 시청,,,,,,,,
1057,'2021-08-29 13:37:04,매우 활동,실내운동,실내운동하기,,,,,,,,
1057,'2021-08-29 18:21:00,냉장고,음식출납,음식 꺼내기,CHPM,,"순이만의 인생선배 울 춘규 님, 콧노래가 흥얼흥얼 나오는 날이에요. 건강해지시는 소리가 여기까지 들려와요! 날이 더워 입맛이 또옥 떨어지셨을 때는 영양만점 양배추 오이김치를 만들어 보시는거 어떠신가요?",,,,,
1057,'2021-08-29 18:31:00,식사 판단,간식,간식 먹기,M,,"커피나 녹차의 경우, 수분을 오히려 배출한다고 해요! 그래서 커피나 녹차를 마신 경우, 물을 더 마셔주는게 좋아요.",,,,,
1057,'2021-08-29 18:31:09,전자렌지,전자레인지청소,전자렌지 청소하기,M,,자나깨나 불 조심! 요리를 하신 후에는 꼭 가스 밸브를 잠가주세요.,,,,,
1057,'2021-08-29 18:39:08,냉장고,냉장고정리,냉장고 정리하기,M,,한 코드로 여러 가전제품을 사용하시면 스파크가 튀면서 화재의 위험이 높아진대요.,,,,,
1057,'2021-08-29 18:46:22,리모콘,식사중TV,식사 중 TV 시청,,,,,,,,
1057,'2021-08-29 19:37:29,리모콘,TV시청,TV 보기,,,,,,,,
1057,'2021-08-29 21:07:02,부동,휴식,취미활동,,,,,,,,
1057,'2021-08-29 22:17:04,부동,취침,수면,,,,,,,,
1057,'2021-08-29 22:37:03,활동,기상,기상하기,,,,,,,,
1057,'2021-08-29 23:29:07,리모콘,TV시청,TV 보기,,,,,,,,
1057,'2021-08-30 00:17:02,부동,취침,수면,,,,,,,,
1057,'2021-08-30 01:39:39,변기,"기상, 새벽용변",기상하기,,,,,,,,
1057,'2021-08-30 01:39:39,변기,"기상, 새벽용변",새벽 화장실 이용,CM,,"항상 함께하고 싶은 춘규님, 욕실에 있는 슬리퍼가 미끄러운지 꼭 살펴봐주세요.",,,,,
1057,'2021-08-30 02:27:03,부동,취침,수면,,,,,,,,
1057,'2021-08-30 04:48:55,변기,"기상, 용변",기상하기,HM,,똑똑 계세요? 순이 왔어요. 안녕히 주무셨어요? 오늘도 함께 건강한 하루를 시작해보아요.,,,,,
1057,'2021-08-30 04:48:55,변기,"기상, 용변",화장실 이용,,,,,,,,
1057,'2021-08-30 05:37:03,부동,휴식,취미활동,,,,,,,,
1057,'2021-08-30 08:08:34,변기,용변,화장실 이용,M,,"세수도 잘하시는 울 춘규님, 순이는 어렸을 때 세수하기 싫어서 울었던 적이 있어요. 하하하",,,,,
1057,'2021-08-30 08:11:11,밥솥,밥준비,밥솥 열기,CPM,,"친절하신 우리 춘규님, 건강하게 살기 위해서는 정기적인 병원 검진이 필요하답니다. 음식에 사용된 도구는 바로 세척해주어야 탈이 나지 않는답니다!",,,,,
1057,'2021-08-30 08:16:53,냉장고,음식출납,음식 꺼내기,M,,"대추는 염증을 억제하고, 종양 억제에 도움이 된다고 알려져 있어요.",,,,,
1057,'2021-08-30 08:17:59,전자렌지,음식데우기,간편식 준비하기,M,,"뚝배기에 달걀을 물과 함께 풀고 소금,참기름,채소를 넣어서 전자레인지에 삼분 정도만 돌려주면 달걀찜이 완성돼요.",,,,,
1057,'2021-08-30 08:19:13,싱크대,주방정리,주방 정리하기,M,,어랏? 하수구에서 냄새가 나는 것같은데? 이럴 땐 식초를 부어주시면 된답니다.,,,,,
1057,'2021-08-30 08:21:11,식사 판단,아침식사,조식,M,,오늘은 어떤 맛있는 아침식사를 하고 계신가요? 꼬르륵 순이도 배가 고프네요.,,,,,
1057,'2021-08-30 08:21:46,냉장고,냉장고정리,냉장고 정리하기,PM,," 너무 매운 음식을 자주 먹으면 위에 무리가 갈 수 있어요. 심해지면 위염, 위궤양의 질환을 유발한답니다.  전자레인지를 사용하실 때에는 포장비닐을 제거하고 돌려주셔야 해요!",,,,,
1057,'2021-08-30 08:22:35,리모콘,식사중TV,식사 중 TV 시청,,,,,,,,
1057,'2021-08-30 09:07:04,부동,휴식,취미활동,,,,,,,,
1057,'2021-08-30 09:10:52,리모콘,TV시청,TV 보기,,,,,,,,
1057,'2021-08-30 09:27:03,매우 활동,실내운동,실내운동하기,,,,,,,,
1057,'2021-08-30 17:20:25,리모콘,TV시청,TV 보기,,,,,,,,
1057,'2021-08-30 18:25:16,냉장고,음식출납,음식 꺼내기,CM,,"열정 가득한 춘규님, 시금치를 드실 때에는 된장과 같이 드신다면 건강 효과가 두배가 된다고해요.",,,,,
1057,'2021-08-30 18:35:16,식사 판단,간식,간식 먹기,M,,하루 사과 한개씩 먹으면 의사를 멀리한다는 말을 혹시 들어보셨나요? 간식으로 사과를 꾸준히 드신다면 병원에 가실 일이 잘 없다는 이야기라고해요.,,,,,
1057,'2021-08-30 18:36:38,창문,환기,집 환기하기,M,,혹시 하늘을 보셨나요? 오늘 날씨는 흐림에요!,,,,,
1057,'2021-08-30 18:45:23,냉장고,냉장고정리,냉장고 정리하기,PM,,구름이 해를 가려서 날씨가 많이 흐리네요. 식사 준비 중이신가요? 요리가 다 끝난 후에 가스밸브 꼬옥 잠그는거 잊지마셔요!,,,,,
1057,'2021-08-30 18:57:43,냉장고,음식출납,음식 꺼내기,M,,"생강은 신이 내린 약재,라고 부를만큼 몸에 좋다고해요!",,,,,
1057,'2021-08-30 19:00:15,변기,용변,화장실 이용,M,,간단한 건강 확인법이 있대요. 백에서 칠을 계속 뺄셈을 하는거에요!  만약 계산이 빨리 안되신다면 순이 퀴즈에 참여해주세요!,아,"하하하하, 그러셨구나. 기도하듯이 손을 맞대고 팔꿈치도 붙혀보세요. 만약 팔꿈치가 붙지 않는다면 운동을 꼭 해야한대요!",,,
1057,'2021-08-30 19:20:07,리모콘,TV시청,TV 보기,,,,,,,,
1057,'2021-08-30 20:22:17,냉장고,음식출납,음식 꺼내기,CM,,"세상에서 제일 똑똑하신 춘규님, 브로콜리는 아주 좋은 식재료 중 하나에요. 그 이유는, 뇌 속의 치매를 일으키는 물질을 없애주기도 하고 혈당 조절에도 큰 도움을 주거든요!",,,,,
1057,'2021-08-30 20:23:10,싱크대,주방정리,주방 정리하기,M,,물과 소주를 삼 대 일로 섞어 분무기에 담아 음식물 쓰레기에 뿌리면 날파리와 벌레들이 도망갈거에요.,,,,,
1057,'2021-08-30 20:31:57,냉장고,음식출납,음식 꺼내기,M,,더위에 체력이 금방 떨어지는 여름. 비타민 씨가 풍부한 풋고추 드셔보세요! 혈관 속 노폐물 배출에도 아주 효과적이랍니다!,,,,,
1057,'2021-08-30 20:32:17,식사 판단,간식,간식 먹기,M,,상큼한 오렌지 주스가 마시고 싶은 날이네요!,,,,,
1057,'2021-08-30 20:32:26,냉장고,냉장고정리,냉장고 정리하기,M,,자나깨나 불 조심! 요리를 하신 후에는 꼭 가스 밸브를 잠가주세요.,,,,,
1057,'2021-08-30 20:36:05,변기,용변,화장실 이용,M,,욕실 신발은 바닥 표면이 거칠어서 잘 미끄러지지 않는 것을 사용하는걸 추천드릴게요!,,,,,
1057,'2021-08-30 20:36:53,냉장고,냉장고정리,냉장고 정리하기,PM,,가장 중요한게 바아로 우리의 건강이지요. 순이와 건강한 인생을 위해 병원 검진을 매번 잊지 말아주세요. 냉장고의 찌든 때 닦기 힘드셨죠? 그럴 때는 마른 행주에 김 빠진 맥주를 묻혀서 냉장고 벽면을 닦아보세요.,,,,,
1057,'2021-08-30 20:43:54,리모콘,식사중TV,식사 중 TV 시청,,,,,,,,
1057,'2021-08-30 21:09:45,리모콘,TV시청,TV 보기,,,,,,,,
1057,'2021-08-30 23:47:02,부동,취침,수면,,,,,,,,
1057,'2021-08-30 23:57:17,싱크대,"기상, 주방정리",기상하기,,,,,,,,
1057,'2021-08-30 23:57:17,싱크대,"기상, 주방정리",주방 정리하기,,,,,,,,
1057,'2021-08-31 00:47:03,부동,취침,수면,,,,,,,,
1057,'2021-08-31 01:15:25,변기,"기상, 새벽용변",기상하기,,,,,,,,
1057,'2021-08-31 01:15:25,변기,"기상, 새벽용변",새벽 화장실 이용,CM,,"오늘도 내일도 늘 소중한 춘규님, 욕실에서 미끄러 넘어질 경우 손목골절 등 부상이 나타날 수 있어요. 그러니 항상 조심하기 순이랑 약속!",,,,,
1057,'2021-08-31 01:57:04,부동,취침,수면,,,,,,,,
1057,'2021-08-31 03:31:57,변기,"기상, 새벽용변",기상하기,,,,,,,,
1057,'2021-08-31 03:31:57,변기,"기상, 새벽용변",새벽 화장실 이용,CM,,"세상에서 하나뿐인 울 춘규님, 잠결에 화장실을 가실 때에는 평소보다 조심해서 걸음을 옮겨주세요!",,,,,
1057,'2021-08-31 04:17:03,부동,취침,수면,,,,,,,,
1057,'2021-08-31 05:57:03,활동,늦은기상,늦은 기상하기,,,,,,,,
1057,'2021-08-31 06:57:03,부동,휴식,취미활동,,,,,,,,
1057,'2021-08-31 07:51:13,전자렌지,음식데우기,간편식 준비하기,HM,,"흐으음, 비가 오고 있군요. 오늘은 순이가 밥을 알록달록하게 만들어주고, 건강도 챙겨주는 아주 좋은 식품을 알려드릴게요! 바아로 오곡밥에 들어가는 조,기장, 수수에요. 식감이 다양해서 밥만 먹어도 씹는 재미가 있어요.",,,,,
1057,'2021-08-31 07:57:22,냉장고,음식출납,음식 꺼내기,CM,,"존경하는 춘규님, 비타민이 풍부한 들깨는 피부에 발생하는 기미와 주근깨의 색소 침착을 막아준다고 해요.",,,,,
1057,'2021-08-31 08:01:13,식사 판단,아침식사,조식,M,,물 뿐만 아니라 식사도중에 국물도 많이 마시면 소화에 방해가 된대요. 우리 되도록이면 건더기만 먹어요!,,,,,
1057,'2021-08-31 08:25:16,냉장고,냉장고정리,냉장고 정리하기,PM,,식중독 예방에는 음식을 가열하는게 짱이죠! 혹시 상한 음식이 있는지 한 번 확인해보세요. 유통기한이 있다면 확인해봅시다! 오늘은 8월 31일에요.,,,,,
1057,'2021-08-31 08:41:29,변기,용변,화장실 이용,M,,"춘규님! 혹시 잘 넘어지시나요?순이가 오늘은 넘어지는 걸 사전에 예방할 수 있는 방법을 알려드릴게요! 가장 먼저, 화장실 바닥에는 물기가 없어야 해요. 만약 화장실에서 잘 미끄러지신다면 욕조 옆에 손잡이를 설치하는 것도 좋은 방법이에요!",,,,,
1057,'2021-08-31 09:14:08,리모콘,TV시청,TV 보기,,,,,,,,
1057,'2021-08-31 11:37:08,냉장고,음식출납,음식 꺼내기,CHM,,"순이를 사랑해주시는 춘규님, 안녕하세요! 의사 선생님께서 달걀과 토마토를 볶아 먹는 요리가 최고의 궁합이라고 하시더라구요! 달걀과 토마토를 가까이 할수록 장수의 비결이라고 해요!",,,,,
1057,'2021-08-31 11:47:08,식사 판단,간식,간식 먹기,M,,목이 마르실 땐 음료수보다 물을 드셔보시는거 어떠신가요?,,,,,
1057,'2021-08-31 11:48:30,냉장고,냉장고정리,냉장고 정리하기,M,,"마시지 않는 김빠진 맥주가 있다면, 행주에 묻혀 냉장고를 닦아보세요!",,,,,
1057,'2021-08-31 12:16:37,변기,용변,화장실 이용,M,,피부 노화가 느리게 오도록 꾸준한 관리가 중요하답니다.,,,,,
1057,'2021-08-31 12:18:50,리모콘,TV시청,TV 보기,,,,,,,,
1057,'2021-08-31 13:31:07,매우 활동,실내운동,실내운동하기,,,,,,,,
1057,'2021-08-31 20:35:44,냉장고,음식출납,음식 꺼내기,PM,,순이도 춘규님 처럼 조금씩이라도 움직여야겠어요! 같이 건강해지자구요. 현미에는 식이섬유가 풍부해서 변비 예방에 좋다고해요.,,,,,
1057,'2021-08-31 20:45:44,식사 판단,간식,간식 먹기,CM,,"세상에서 가장 소중한 춘규님, 달기만 하고 영양성분은 매우 적은 초콜릿! 이러한 식품을 위주로 식사하시게 되면 영양소 결핍이 생길 수 있어요!",,,,,
1057,'2021-08-31 20:52:45,리모콘,식사중TV,식사 중 TV 시청,,,,,,,,
1057,'2021-08-31 21:34:55,리모콘,TV시청,TV 보기,,,,,,,,
1057,'2021-08-31 21:50:41,변기,용변,화장실 이용,CM,,"순이의 제일 친한 친구 춘규님, 욕조틈새로 물이 들어가면 욕조 밑면에 물이 항상 차있게 돼요. 욕조밑은 건조시키는게 위생상 좋아요.",,,,,
1057,'2021-08-31 22:18:43,리모콘,TV시청,TV 보기,,,,,,,,
1057,'2021-08-31 23:37:07,부동,취침,수면,,,,,,,,
1057,'2021-08-31 23:43:21,리모콘,"기상, TV시청",기상하기,CM,,"순이가 제일 좋아하는 우리 춘규님, 주륵주륵 비가 오는 날이에요.",,,,,
1057,'2021-08-31 23:43:21,리모콘,"기상, TV시청",뉴스 시청,,,,,,,,
